,,,,,,,,,,,,,,,,,,,,,,,,,,,,,,,,,,,,,
,,,,,,,,,,,,,,,,,,,,,,,,,,,,,,,,,,,,,
,,,,,,,,,,,,,,,,,,,,,,,,,,,,,,,,,,,,,
,,,,,,,,,,,,,,,,,,,,,,,,,,,,,,,,,,,,,
,,,,,,,,,,,,,,,,,,,,,,,,,,,,,,,,,,,,,
,,,,,,,,,,,,,,,,,,,,,,,,,,,,,,,,,,,,,
C1,C2,X RArm,Y RArm,Z RArm,WX RArm,WY RArm,WZ RArm,X RLeg,Y RLeg,Z RLeg,WX RLeg,WY RLeg,WZ RLeg,X LLeg,Y LLeg,Z LLeg,WX LLeg,WY LLeg,WZ LLeg,X LArm,Y LArm,Z LArm,WX LArm,WY LArm,WZ LArm,X Torso,Y Torso,Z Torso,WX Torso,WY Torso,WZ Torso,X Head,Y Head,Z Head,WX Head,WY Head,WZ Head
,,0.06331674009561539,-0.1334059238433838,0.22721898555755615,1.2848117351531982,1.035907506942749,-0.04170903190970421,-0.006634839810431004,-0.06814666092395782,-0.004150602966547012,0.05495307967066765,0.0340353399515152,-0.13281238079071045,-0.0025758075062185526,0.06842041015625,2.60770320892334e-07,-1.4962882488589457e-08,3.286231287091823e-10,0.13468438386917114,0.04328617453575134,0.1296951174736023,0.23005224764347076,-0.8428671956062317,1.10890793800354,0.2616019546985626,-0.008116980083286762,-0.009847551584243774,0.3295857310295105,0.02997005172073841,-0.0026943122502416372,0.0016753276577219367,-0.008451306261122227,-0.013638760894536972,0.45602846145629883,0.030420169234275818,-0.16480520367622375,-0.01862506940960884
,,0.06331674009561539,-0.1334059238433838,0.22721898555755615,1.2848117351531982,1.035907506942749,-0.04170903190970421,-0.006634839810431004,-0.06814666092395782,-0.004150602966547012,0.05495307967066765,0.0340353399515152,-0.13281238079071045,-0.0025758075062185526,0.06842041015625,2.60770320892334e-07,-1.4962882488589457e-08,3.286231287091823e-10,0.13468438386917114,0.04328617453575134,0.1296951174736023,0.23005224764347076,-0.8428671956062317,1.10890793800354,0.2616019546985626,-0.008116980083286762,-0.009847551584243774,0.3295857310295105,0.02997005172073841,-0.0026943122502416372,0.0016753276577219367,-0.008451306261122227,-0.013638760894536972,0.45602846145629883,0.030420169234275818,-0.16480520367622375,-0.01862506940960884
,,0.06331674009561539,-0.1334059238433838,0.22721898555755615,1.2848117351531982,1.035907506942749,-0.04170903190970421,-0.006634839810431004,-0.06814666092395782,-0.004150602966547012,0.05495307967066765,0.0340353399515152,-0.13281238079071045,-0.0025758075062185526,0.06842041015625,2.60770320892334e-07,-1.4962882488589457e-08,3.286231287091823e-10,0.13468438386917114,0.04328617453575134,0.1296951174736023,0.23005224764347076,-0.8428671956062317,1.10890793800354,0.2616019546985626,-0.008116980083286762,-0.009847551584243774,0.3295857310295105,0.02997005172073841,-0.0026943122502416372,0.0016753276577219367,-0.008451306261122227,-0.013638760894536972,0.45602846145629883,0.030420169234275818,-0.16480520367622375,-0.01862506940960884
,,0.06331674009561539,-0.1334059238433838,0.22721898555755615,1.2848117351531982,1.035907506942749,-0.04170903190970421,-0.006634839810431004,-0.06814666092395782,-0.004150602966547012,0.05495307967066765,0.0340353399515152,-0.13281238079071045,-0.0025758075062185526,0.06842041015625,2.60770320892334e-07,-1.4962882488589457e-08,3.286231287091823e-10,0.13468438386917114,0.04328617453575134,0.1296951174736023,0.23005224764347076,-0.8428671956062317,1.10890793800354,0.2616019546985626,-0.008116980083286762,-0.009847551584243774,0.3295857310295105,0.02997005172073841,-0.0026943122502416372,0.0016753276577219367,-0.008451306261122227,-0.013638760894536972,0.45602846145629883,0.030420169234275818,-0.16480520367622375,-0.01862506940960884
,,0.06331674009561539,-0.1334059238433838,0.22721898555755615,1.2848117351531982,1.035907506942749,-0.04170903190970421,-0.006634839810431004,-0.06814666092395782,-0.004150602966547012,0.05495307967066765,0.0340353399515152,-0.13281238079071045,-0.0025758075062185526,0.06842041015625,2.60770320892334e-07,-1.4962882488589457e-08,3.286231287091823e-10,0.13468438386917114,0.04328617453575134,0.1296951174736023,0.23005224764347076,-0.8428671956062317,1.10890793800354,0.2616019546985626,-0.008116980083286762,-0.009847551584243774,0.3295857310295105,0.02997005172073841,-0.0026943122502416372,0.0016753276577219367,-0.008451306261122227,-0.013638760894536972,0.45602846145629883,0.030420169234275818,-0.16480520367622375,-0.01862506940960884
,,0.06331674009561539,-0.1334059238433838,0.22721898555755615,1.2848117351531982,1.035907506942749,-0.04170903190970421,-0.006634839810431004,-0.06814666092395782,-0.004150602966547012,0.05495307967066765,0.0340353399515152,-0.13281238079071045,-0.0025758075062185526,0.06842041015625,2.60770320892334e-07,-1.4962882488589457e-08,3.286231287091823e-10,0.13468438386917114,0.04328617453575134,0.1296951174736023,0.23005224764347076,-0.8428671956062317,1.10890793800354,0.2616019546985626,-0.008116980083286762,-0.009847551584243774,0.3295857310295105,0.02997005172073841,-0.0026943122502416372,0.0016753276577219367,-0.008451306261122227,-0.013638760894536972,0.45602846145629883,0.030420169234275818,-0.16480520367622375,-0.01862506940960884
,,0.06331674009561539,-0.1334059238433838,0.22721898555755615,1.2848117351531982,1.035907506942749,-0.04170903190970421,-0.006634839810431004,-0.06814666092395782,-0.004150602966547012,0.05495307967066765,0.0340353399515152,-0.13281238079071045,-0.0025758075062185526,0.06842041015625,2.60770320892334e-07,-1.4962882488589457e-08,3.286231287091823e-10,0.13468438386917114,0.04328617453575134,0.1296951174736023,0.23005224764347076,-0.8428671956062317,1.10890793800354,0.2616019546985626,-0.008116980083286762,-0.009847551584243774,0.3295857310295105,0.02997005172073841,-0.0026943122502416372,0.0016753276577219367,-0.008451306261122227,-0.013638760894536972,0.45602846145629883,0.030420169234275818,-0.16480520367622375,-0.01862506940960884
,,0.06331674009561539,-0.1334059238433838,0.22721898555755615,1.2848117351531982,1.035907506942749,-0.04170903190970421,-0.006634839810431004,-0.06814666092395782,-0.004150602966547012,0.05495307967066765,0.0340353399515152,-0.13281238079071045,-0.0025758075062185526,0.06842041015625,2.60770320892334e-07,-1.4962882488589457e-08,3.286231287091823e-10,0.13468438386917114,0.04328617453575134,0.1296951174736023,0.23005224764347076,-0.8428671956062317,1.10890793800354,0.2616019546985626,-0.008116980083286762,-0.009847551584243774,0.3295857310295105,0.02997005172073841,-0.0026943122502416372,0.0016753276577219367,-0.008451306261122227,-0.013638760894536972,0.45602846145629883,0.030420169234275818,-0.16480520367622375,-0.01862506940960884
,,0.06331674009561539,-0.1334059238433838,0.22721898555755615,1.2848117351531982,1.035907506942749,-0.04170903190970421,-0.006634839810431004,-0.06814666092395782,-0.004150602966547012,0.05495307967066765,0.0340353399515152,-0.13281238079071045,-0.0025758075062185526,0.06842041015625,2.60770320892334e-07,-1.4962882488589457e-08,3.286231287091823e-10,0.13468438386917114,0.04328617453575134,0.1296951174736023,0.23005224764347076,-0.8428671956062317,1.10890793800354,0.2616019546985626,-0.008116980083286762,-0.009847551584243774,0.3295857310295105,0.02997005172073841,-0.0026943122502416372,0.0016753276577219367,-0.008451306261122227,-0.013638760894536972,0.45602846145629883,0.030420169234275818,-0.16480520367622375,-0.01862506940960884
,,0.06331674009561539,-0.1334059238433838,0.22721898555755615,1.2848117351531982,1.035907506942749,-0.04170903190970421,-0.006634839810431004,-0.06814666092395782,-0.004150602966547012,0.05495307967066765,0.0340353399515152,-0.13281238079071045,-0.0025758075062185526,0.06842041015625,2.60770320892334e-07,-1.4962882488589457e-08,3.286231287091823e-10,0.13468438386917114,0.04328617453575134,0.1296951174736023,0.23005224764347076,-0.8428671956062317,1.10890793800354,0.2616019546985626,-0.008116980083286762,-0.009847551584243774,0.3295857310295105,0.02997005172073841,-0.0026943122502416372,0.0016753276577219367,-0.008451306261122227,-0.013638760894536972,0.45602846145629883,0.030420169234275818,-0.16480520367622375,-0.01862506940960884
,,0.06331674009561539,-0.1334059238433838,0.22721898555755615,1.2848117351531982,1.035907506942749,-0.04170903190970421,-0.006634839810431004,-0.06814666092395782,-0.004150602966547012,0.05495307967066765,0.0340353399515152,-0.13281238079071045,-0.005218766629695892,0.06709734350442886,-3.33636999130249e-05,0.0002008626179303974,0.009532666765153408,0.1310652792453766,0.04734135419130325,0.12241784483194351,0.23060756921768188,-0.9320147037506104,1.0848478078842163,0.20091606676578522,-0.011195759288966656,-0.011210206896066666,0.3294997811317444,0.03073655068874359,-0.009474222548305988,-0.0016025304794311523,-0.013379639945924282,-0.01570029929280281,0.45590466260910034,0.03163701668381691,-0.19054827094078064,-0.01813078485429287
,,0.062183111906051636,-0.12564097344875336,0.22700661420822144,1.3612446784973145,1.0243760347366333,0.03159155324101448,-0.0034453393891453743,-0.06675076484680176,-0.004300389438867569,0.07360541075468063,0.0007738258573226631,-0.1307031661272049,-0.005357628688216209,0.06617502868175507,-1.453980803489685e-05,0.0002583485620561987,0.006734675262123346,0.13047198951244354,0.050423815846443176,0.11775313317775726,0.23133927583694458,-0.9819476008415222,1.0663410425186157,0.16444092988967896,-0.012547334656119347,-0.012369547039270401,0.3294507563114166,0.031106680631637573,-0.013135598041117191,-0.002394297393038869,-0.014217551797628403,-0.01629992201924324,0.45587867498397827,0.031824566423892975,-0.19220735132694244,-0.01841958612203598
,,0.06261773407459259,-0.12355658411979675,0.22740575671195984,1.3865560293197632,1.0151249170303345,0.056343924254179,-0.0031506791710853577,-0.06588037312030792,-0.004370030015707016,0.08144009113311768,-0.0029472107999026775,-0.13043329119682312,-0.00542894983664155,0.06573184579610825,-2.6300549507141113e-06,0.0003274910559412092,0.005739778280258179,0.130194753408432,0.05295762047171593,0.1138647273182869,0.23210057616233826,-1.0180456638336182,1.0499886274337769,0.1359325796365738,-0.013565338216722012,-0.01353764533996582,0.3294123709201813,0.03127661347389221,-0.015807397663593292,-0.0032184068113565445,-0.015576633624732494,-0.017487041652202606,0.45583468675613403,0.03203645721077919,-0.19482190907001495,-0.01899033971130848
,,0.06317510455846786,-0.12234491854906082,0.2279132455587387,1.4053133726119995,1.0059568881988525,0.07404977828264236,-0.0021623470820486546,-0.06319737434387207,-0.004410546272993088,0.10334015637636185,-0.010644998401403427,-0.12967079877853394,-0.005958213470876217,0.06295301765203476,9.472295641899109e-05,0.0011494916398078203,0.002565680770203471,0.1285698413848877,0.05832672864198685,0.1038203239440918,0.23406487703323364,-1.0865970849990845,1.01105797290802,0.07521014660596848,-0.015891900286078453,-0.017706628888845444,0.3293073773384094,0.030472304672002792,-0.021532591432332993,-0.00637561222538352,-0.018638815730810165,-0.021543346345424652,0.45571935176849365,0.03128323704004288,-0.20014019310474396,-0.02097642607986927
,,0.06451854109764099,-0.12201908230781555,0.22958818078041077,1.4408576488494873,0.9816963076591492,0.10459045320749283,-0.0018926202319562435,-0.06253020465373993,-0.0043737031519412994,0.10820072144269943,-0.012065409682691097,-0.12950153648853302,-0.006116761360317469,0.06225910410284996,0.00012400001287460327,0.001422910951077938,0.0022428762167692184,0.12819427251815796,0.05875907093286514,0.10267212241888046,0.23423881828784943,-1.092261552810669,1.007407307624817,0.06962065398693085,-0.016149817034602165,-0.01831177808344364,0.32929274439811707,0.030194908380508423,-0.022135943174362183,-0.006862798240035772,-0.019298352301120758,-0.02267695963382721,0.4556886553764343,0.03068835474550724,-0.20114971697330475,-0.02155410312116146
,,0.06461913883686066,-0.12258753925561905,0.22996503114700317,1.4458874464035034,0.9771589636802673,0.10813991725444794,-0.001628959202207625,-0.06190526857972145,-0.004317674785852432,0.11249373108148575,-0.013297614641487598,-0.12935186922550201,-0.006277334410697222,0.0616077184677124,0.00015360116958618164,0.0016960244392976165,0.0020206323824822903,0.1278531551361084,0.05946912243962288,0.10049600899219513,0.23452238738536835,-1.102026343345642,1.001049280166626,0.05970623344182968,-0.01687629520893097,-0.020138731226325035,0.3292461633682251,0.029139092192053795,-0.023812633007764816,-0.00837896391749382,-0.01991780661046505,-0.023798948153853416,0.45565661787986755,0.029940173029899597,-0.20205311477184296,-0.022139813750982285
,,0.06429072469472885,-0.12522727251052856,0.23085546493530273,1.4536552429199219,0.968178927898407,0.11162786930799484,-0.0007583190454170108,-0.06003445386886597,-0.003983575850725174,0.12334299832582474,-0.016577988862991333,-0.12895546853542328,-0.006845769006758928,0.05964769423007965,0.0002603493630886078,0.0025982768274843693,0.001582387019880116,0.1269046515226364,0.0607856921851635,0.09371687471866608,0.23496299982070923,-1.1259660720825195,0.9859312772750854,0.03327072411775589,-0.018209826201200485,-0.023828599601984024,0.3291333317756653,0.026092177256941795,-0.026826489716768265,-0.011645778082311153,-0.021913697943091393,-0.027625514194369316,0.45552295446395874,0.026211291551589966,-0.20468661189079285,-0.02426161617040634
,,0.0640210509300232,-0.1263214647769928,0.23109163343906403,1.4545297622680664,0.9663310647010803,0.11112343519926071,-0.0006411104695871472,-0.05980555713176727,-0.003919817507266998,0.12439268082380295,-0.01694253832101822,-0.12891173362731934,-0.006926702801138163,0.059406526386737823,0.00027611851692199707,0.002717402530834079,0.0015356920193880796,0.12679767608642578,0.06087181717157364,0.0928172618150711,0.234969824552536,-1.1286017894744873,0.9844026565551758,0.030115410685539246,-0.018633374944329262,-0.025063801556825638,0.3290877342224121,0.024821346625685692,-0.027766846120357513,-0.012799294665455818,-0.02218424156308174,-0.02815818041563034,0.4555000066757202,0.0255479346960783,-0.20501096546649933,-0.024574080482125282
,,0.06369329988956451,-0.12748952209949493,0.23130565881729126,1.4547885656356812,0.9648988842964172,0.1100187599658966,-0.00030113360844552517,-0.05917329341173172,-0.003707457333803177,0.1268375664949417,-0.017901601269841194,-0.12879395484924316,-0.0071674189530313015,0.058738380670547485,0.00032428279519081116,0.0030578782316297293,0.0013980480143800378,0.12651564180850983,0.06103353574872017,0.09018225222826004,0.23492394387722015,-1.1358559131622314,0.9804412126541138,0.02113896794617176,-0.020245304331183434,-0.02998938038945198,0.3288514316082001,0.0186146292835474,-0.031223876401782036,-0.01768774539232254,-0.024234827607870102,-0.0322737880051136,0.45526784658432007,0.01920621283352375,-0.20716801285743713,-0.027149515226483345
,,0.0619916170835495,-0.13265475630760193,0.23200227320194244,1.4513505697250366,0.9621188640594482,0.1011924222111702,0.0004189964383840561,-0.057997606694698334,-0.0031044259667396545,0.12869247794151306,-0.019401028752326965,-0.12856709957122803,-0.007707289885729551,0.05748475342988968,0.00044152140617370605,0.00374840316362679,0.0010455624433234334,0.1260606199502945,0.0610499382019043,0.08428408950567245,0.2344963699579239,-1.150590181350708,0.9737416505813599,0.00168351992033422,-0.020436974242329597,-0.030600164085626602,0.32881486415863037,0.017723901197314262,-0.031616151332855225,-0.018325382843613625,-0.024712279438972473,-0.03325842320919037,0.4551939368247986,0.017359508201479912,-0.20757637917995453,-0.027811404317617416
,,0.06174967437982559,-0.13333724439144135,0.23207524418830872,1.4505388736724854,0.962017297744751,0.09970793128013611,0.0005129450000822544,-0.0578618161380291,-0.0030079036951065063,0.12854650616645813,-0.019533749669790268,-0.12853682041168213,-0.007853353396058083,0.057200219482183456,0.0004761219024658203,0.003918386064469814,0.0009307280997745693,0.12597590684890747,0.06100163608789444,0.08264276385307312,0.23430459201335907,-1.1545287370681763,0.9722750186920166,-0.00373385613784194,-0.02081286534667015,-0.03181629627943039,0.32873642444610596,0.015873461961746216,-0.03236899524927139,-0.019615216180682182,-0.025173284113407135,-0.03422367572784424,0.4551126956939697,0.015419645234942436,-0.20792654156684875,-0.028478948399424553
,,0.06125366687774658,-0.13471747934818268,0.23221321403980255,1.4487178325653076,0.9619389176368713,0.09653951972723007,0.0006937609286978841,-0.05761294066905975,-0.0028085894882678986,0.12796622514724731,-0.019739093258976936,-0.12847605347633362,-0.007994752377271652,0.05694641172885895,0.0005110055208206177,0.004076195880770683,0.0008085898589342833,0.12590816617012024,0.060754772275686264,0.07701559364795685,0.2334248572587967,-1.168067455291748,0.9681974053382874,-0.022740287706255913,-0.02204015478491783,-0.035995449870824814,0.32840192317962646,0.008743529208004475,-0.0346159003674984,-0.02425098419189453,-0.02644355595111847,-0.03699500858783722,0.45482128858566284,0.009097181260585785,-0.20859511196613312,-0.030504025518894196
,,0.05943776294589043,-0.1396421492099762,0.23261508345603943,1.4406269788742065,0.9627694487571716,0.08371298015117645,0.001249021734111011,-0.05696508660912514,-0.002058517187833786,0.12311320006847382,-0.019832832738757133,-0.12824173271656036,-0.008385807275772095,0.05635830760002136,0.0006165802478790283,0.00447629950940609,0.0003978754975832999,0.12578974664211273,0.06071462109684944,0.07622639834880829,0.23327435553073883,-1.1699984073638916,0.967728316783905,-0.025479041039943695,-0.02220289036631584,-0.03658011928200722,0.32834601402282715,0.007650987710803747,-0.03488045930862427,-0.024924276396632195,-0.026824725791811943,-0.03787466138601303,0.4547072649002075,0.006840727757662535,-0.20867957174777985,-0.031182454898953438
,,0.0591730922460556,-0.14035041630268097,0.2326621413230896,1.4392892122268677,0.9630095362663269,0.08169731497764587,0.0013180668465793133,-0.056898973882198334,-0.0019465424120426178,0.12208772450685501,-0.019767483696341515,-0.1282036453485489,-0.008503417484462261,0.056216366589069366,0.0006516464054584503,0.004585261456668377,0.0002463703276589513,0.12577244639396667,0.06063329428434372,0.07465985417366028,0.23295573890209198,-1.1738706827163696,0.9668660759925842,-0.03097933530807495,-0.02251783013343811,-0.037738241255283356,0.3282278776168823,0.0054170903749763966,-0.035361941903829575,-0.026275578886270523,-0.02700657770037651,-0.03830576688051224,0.4546469449996948,0.005687734577804804,-0.2086939960718155,-0.03152143955230713
,,0.05864281952381134,-0.14176590740680695,0.23274821043014526,1.436498999595642,0.9635717868804932,0.07755225151777267,0.001448176451958716,-0.056785039603710175,-0.0017203427851200104,0.11980782449245453,-0.0195781160145998,-0.12812256813049316,-0.00855956319719553,0.05615489184856415,0.0006689354777336121,0.004635215271264315,0.00016795714327599853,0.12576685845851898,0.060592420399188995,0.07388269901275635,0.23278772830963135,-1.1758129596710205,0.9664721488952637,-0.033740896731615067,-0.022669842466711998,-0.03831136226654053,0.32816559076309204,0.004277088213711977,-0.03557779639959335,-0.026952901855111122,-0.0273519828915596,-0.03915011137723923,0.4545195698738098,0.0033356330823153257,-0.20866523683071136,-0.03219817578792572
,,0.0583777129650116,-0.14247220754623413,0.23278719186782837,1.4350500106811523,0.9638923406600952,0.07542675733566284,0.001772710937075317,-0.05657978355884552,-0.001032717525959015,0.1112762838602066,-0.018544016405940056,-0.12783481180667877,-0.008855600841343403,0.05591055750846863,0.000770319253206253,0.0048714978620409966,-0.0003381548449397087,0.12576137483119965,0.06035219132900238,0.06931663304567337,0.2316628098487854,-1.187578558921814,0.9646170139312744,-0.05045097693800926,-0.023499250411987305,-0.04165511578321457,0.3277466595172882,-0.002844385337084532,-0.036492135375738144,-0.031016407534480095,-0.028230011463165283,-0.041533466428518295,0.4540836811065674,-0.004039436113089323,-0.20809070765972137,-0.03420202061533928
,,0.0568016916513443,-0.1466665416955948,0.23296113312244415,1.42570161819458,0.9663428068161011,0.062050480395555496,0.0018583637429401278,-0.056552935391664505,-0.0008038058876991272,0.10792149603366852,-0.018045304343104362,-0.12772195041179657,-0.008937422186136246,0.05587316304445267,0.0008023977279663086,0.0049260808154940605,-0.0005197632708586752,0.12576450407505035,0.060275934636592865,0.06783629953861237,0.23124496638774872,-1.1915446519851685,0.9641925096511841,-0.05606074258685112,-0.023741912096738815,-0.042729172855615616,0.32758986949920654,-0.005309600383043289,-0.03663978725671768,-0.03236113116145134,-0.028351586312055588,-0.041907936334609985,0.4540031850337982,-0.005307808052748442,-0.20791985094547272,-0.03452962636947632
,,0.05628679692745209,-0.14803920686244965,0.23299533128738403,1.4223690032958984,0.9673536419868469,0.05739573761820793,0.0018968672957271338,-0.0565466471016407,-0.0006899870932102203,0.1061573326587677,-0.01776725985109806,-0.12766200304031372,-0.0090101333335042,0.055855900049209595,0.0008333213627338409,0.004968663677573204,-0.0007073612650856376,0.12576697766780853,0.0602022260427475,0.06637977063655853,0.23080654442310333,-1.1955312490463257,0.9638676047325134,-0.061680179089307785,-0.02407166361808777,-0.044297460466623306,0.3273390829563141,-0.009075023233890533,-0.036700598895549774,-0.034357454627752304,-0.028670882806181908,-0.04299072548747063,0.4537487030029297,-0.009166228584945202,-0.20727160573005676,-0.03549632057547569
,,0.05455391854047775,-0.152690589427948,0.23301634192466736,1.4100396633148193,0.9716315269470215,0.040583375841379166,0.0020841695368289948,-0.056622400879859924,8.508563041687012e-05,0.0923740565776825,-0.015291912481188774,-0.12717501819133759,-0.009169678203761578,0.05591385439038277,0.0009168349206447601,0.005024637095630169,-0.0013039691839367151,0.1257520467042923,0.059965331107378006,0.06149781495332718,0.2291199117898941,-1.209613561630249,0.9635523557662964,-0.0813150554895401,-0.02459951490163803,-0.04726286605000496,0.32678505778312683,-0.016784468665719032,-0.03619832918047905,-0.03823172301054001,-0.029092464596033096,-0.04496632143855095,0.4531843662261963,-0.017060497775673866,-0.2053358405828476,-0.03733106702566147
,,0.05408404394984245,-0.15396547317504883,0.23299360275268555,1.406361699104309,0.9730638265609741,0.035681113600730896,0.0021107702050358057,-0.056678175926208496,0.00029659271240234375,0.0880352035164833,-0.014416506513953209,-0.12701356410980225,-0.009202138520777225,0.055965978652238846,0.0009410195052623749,0.0050192843191325665,-0.0015131460968405008,0.12573368847370148,0.05993407219648361,0.06083118915557861,0.22886088490486145,-1.2116367816925049,0.9636171460151672,-0.08410214632749557,-0.024734115228056908,-0.04819576442241669,0.32658642530441284,-0.01938793994486332,-0.03583306819200516,-0.03947456553578377,-0.029164861887693405,-0.045566435903310776,0.45298147201538086,-0.01972406916320324,-0.20449237525463104,-0.03790435940027237
,,0.05385413020849228,-0.1545923352241516,0.23297743499279022,1.4045016765594482,0.9738150238990784,0.03322094678878784,0.002125241793692112,-0.05674700066447258,0.0005022995173931122,0.08354776352643967,-0.0134673360735178,-0.12684212625026703,-0.00922361295670271,0.056032706052064896,0.0009629726409912109,0.0050021810457110405,-0.001727127586491406,0.12570597231388092,0.059873342514038086,0.05952369049191475,0.22833020985126495,-1.2156877517700195,0.963833749294281,-0.08965179324150085,-0.024793310090899467,-0.04865109920501709,0.326484739780426,-0.02069305069744587,-0.03561142459511757,-0.040084656327962875,-0.029187729582190514,-0.04585526883602142,0.4528774619102478,-0.021058766171336174,-0.20403221249580383,-0.03818226233124733
,,0.053405024111270905,-0.1558237075805664,0.23293536901474,1.4007445573806763,0.9753878116607666,0.028289884328842163,0.002127888146787882,-0.056785948574543,0.0006026439368724823,0.08125340938568115,-0.012965354137122631,-0.12675268948078156,-0.009230153635144234,0.05607115104794502,0.0009730122983455658,0.004989142529666424,-0.0018358543748036027,0.12568803131580353,0.0598437637090683,0.058883316814899445,0.22805887460708618,-1.2177146673202515,0.9639864563941956,-0.09241204708814621,-0.02484702691435814,-0.04909876734018326,0.326381653547287,-0.021999523043632507,-0.03536325320601463,-0.04068658500909805,-0.029201572760939598,-0.04613647609949112,0.45277196168899536,-0.022394459694623947,-0.20354609191417694,-0.038453925400972366
,,0.05235208943486214,-0.15875749289989471,0.23277491331100464,1.3911794424057007,0.9797307252883911,0.015968341380357742,0.00207883189432323,-0.05707405507564545,0.0011668317019939423,0.06690546870231628,-0.009573537856340408,-0.12616609036922455,-0.00920789409428835,0.0563647486269474,0.0010196641087532043,0.00484821479767561,-0.0025103148072957993,0.1255127340555191,0.059648625552654266,0.054675642400979996,0.22605851292610168,-1.2318838834762573,0.9659331440925598,-0.11135538667440414,-0.025063415989279747,-0.05200568586587906,0.32562699913978577,-0.031127212569117546,-0.03284895047545433,-0.04462997987866402,-0.02903626300394535,-0.04788737744092941,0.4519975185394287,-0.03171326592564583,-0.19939540326595306,-0.0401509627699852
,,0.051962003111839294,-0.15986737608909607,0.2326889932155609,1.3873038291931152,0.9816337823867798,0.011073276400566101,0.0020374846644699574,-0.057187482714653015,0.001338612288236618,0.061949774622917175,-0.008300133980810642,-0.12595240771770477,-0.009176138788461685,0.05648324638605118,0.0010292679071426392,0.004777519963681698,-0.0027430339250713587,0.1254245936870575,0.0596218965947628,0.054117053747177124,0.22576001286506653,-1.2338995933532715,0.966343104839325,-0.11399321258068085,-0.02507074922323227,-0.05238676443696022,0.3255156874656677,-0.03242066875100136,-0.03237408772110939,-0.04514864832162857,-0.028901681303977966,-0.04831599444150925,0.4517677426338196,-0.03434467688202858,-0.19796204566955566,-0.040558844804763794
,,0.051591455936431885,-0.16093763709068298,0.2325911968946457,1.383411169052124,0.9836323857307434,0.006215346045792103,0.002012095879763365,-0.057246819138526917,0.0014211349189281464,0.059448666870594025,-0.0076370141468942165,-0.12584224343299866,-0.009131766855716705,0.05661024898290634,0.0010356642305850983,0.004694879986345768,-0.0029793670400977135,0.12531991302967072,0.059568848460912704,0.053034402430057526,0.22515495121479034,-1.2379193305969238,0.9672673940658569,-0.11920538544654846,-0.02506711333990097,-0.05312179774045944,0.3252914845943451,-0.0349930003285408,-0.03133383020758629,-0.04614721238613129,-0.028819385915994644,-0.048518091440200806,0.45165199041366577,-0.03565165773034096,-0.19720302522182465,-0.04074808210134506
,,0.051413826644420624,-0.16145722568035126,0.2325379103422165,1.3814606666564941,0.9846677780151367,0.0038039623759686947,0.0017927029402926564,-0.057630881667137146,0.0018667615950107574,0.044243864715099335,-0.003293466754257679,-0.12514105439186096,-0.008919860236346722,0.05703134089708328,0.0010334625840187073,0.004375129006803036,-0.003709434997290373,0.12489725649356842,0.059409234672784805,0.05008215457201004,0.22328780591487885,-1.2498482465744019,0.9709172248840332,-0.13424637913703918,-0.024905361235141754,-0.05509983375668526,0.32461580634117126,-0.04254423454403877,-0.027462078258395195,-0.04879695922136307,-0.027953919023275375,-0.04970041662454605,0.4508379101753235,-0.044570717960596085,-0.19107992947101593,-0.04176205396652222
,,0.05032750591635704,-0.16478046774864197,0.2320883870124817,1.3678208589553833,0.992599368095398,-0.012603048235177994,0.0016394923441112041,-0.05783482640981674,0.0020559318363666534,0.036605965346097946,-0.0008905564900487661,-0.12476745992898941,-0.008822061121463776,0.057181522250175476,0.0010252036154270172,0.004244568757712841,-0.0039595370180904865,0.12471837550401688,0.05935448035597801,0.049203768372535706,0.22265289723873138,-1.2537662982940674,0.9724416732788086,-0.1390281319618225,-0.024799581617116928,-0.05567977949976921,0.3243931233882904,-0.044987767934799194,-0.025911351665854454,-0.04955095425248146,-0.027787886559963226,-0.04983556270599365,0.45072269439697266,-0.045803409069776535,-0.19008709490299225,-0.04185778275132179
,,0.05007185786962509,-0.16562144458293915,0.2319371998310089,1.363957405090332,0.9950888752937317,-0.017092209309339523,0.0015818583779036999,-0.0579037070274353,0.0021137259900569916,0.03406814858317375,-5.577970659942366e-05,-0.12464015930891037,-0.008767925202846527,0.05725787580013275,0.0010195784270763397,0.0041749305091798306,-0.004085890017449856,0.12462148070335388,0.05929823964834213,0.04838176816701889,0.22201427817344666,-1.2576476335525513,0.9741283655166626,-0.14367756247520447,-0.02466714382171631,-0.05621820688247681,0.32417362928390503,-0.04738527536392212,-0.0242256298661232,-0.050233788788318634,-0.027423210442066193,-0.050080083310604095,0.45049455761909485,-0.048230450600385666,-0.188010573387146,-0.042008813470602036
,,0.04995386302471161,-0.16602256894111633,0.23185811936855316,1.3620364665985107,0.9963714480400085,-0.01929602026939392,0.001520918682217598,-0.05797278508543968,0.0021688826382160187,0.031537849456071854,0.0007957704365253448,-0.12451168149709702,-0.008710254915058613,0.05733487010002136,0.0010129399597644806,0.0041020698845386505,-0.004213032312691212,0.12451964616775513,0.05926942825317383,0.04799257218837738,0.22169405221939087,-1.259572982788086,0.9750341773033142,-0.14594922959804535,-0.0245907474309206,-0.05647152289748192,0.3240654468536377,-0.04856501519680023,-0.023331215605139732,-0.05054710805416107,-0.027224352583289146,-0.05018937215209007,0.45038190484046936,-0.04942335560917854,-0.18692661821842194,-0.0420631542801857
,,0.04984261840581894,-0.16641049087047577,0.2317768633365631,1.3601239919662476,0.9976795315742493,-0.02147025614976883,0.0013891077833250165,-0.058111079037189484,0.002271246165037155,0.026508042588829994,0.0025489814579486847,-0.12425114959478378,-0.00858411006629467,0.05749034881591797,0.000996571034193039,0.003947521094232798,-0.004469951614737511,0.12430129200220108,0.059240102767944336,0.047618284821510315,0.2213735282421112,-1.2614871263504028,0.9759823679924011,-0.14818398654460907,-0.024507489055395126,-0.05671403184533119,0.32395851612091064,-0.04973113164305687,-0.02240193448960781,-0.05084113031625748,-0.027014367282390594,-0.05028994008898735,0.450270414352417,-0.05060151591897011,-0.1858118176460266,-0.04210298880934715
,,0.049640946090221405,-0.16714569926261902,0.23160794377326965,1.3563288450241089,1.0003728866577148,-0.025723811239004135,0.001318199560046196,-0.05818002298474312,0.0023184046149253845,0.02401266060769558,0.003450470743700862,-0.12411940097808838,-0.008515595458447933,0.057568542659282684,0.0009867846965789795,0.003865608712658286,-0.004599744454026222,0.12418480962514877,0.05921018868684769,0.0472591370344162,0.2210528552532196,-1.2633897066116333,0.9769735336303711,-0.15038035809993744,-0.024417322129011154,-0.05694563686847687,0.3238529860973358,-0.05088287219405174,-0.021437400951981544,-0.051115237176418304,-0.026560677215456963,-0.050464801490306854,0.45005154609680176,-0.05291063338518143,-0.18348903954029083,-0.042137518525123596
,,0.04955075681209564,-0.1674925535917282,0.23152045905590057,1.3544484376907349,1.0017584562301636,-0.02780010737478733,0.0012439044658094645,-0.058248668909072876,0.002362854778766632,0.021532787010073662,0.004368527326732874,-0.12398697435855865,-0.008443386293947697,0.057646892964839935,0.0009760148823261261,0.0037807668559253216,-0.0047304267063736916,0.12406328320503235,0.0591483972966671,0.04658735543489456,0.22041203081607819,-1.2671570777893066,0.9790882468223572,-0.1546534150838852,-0.024215998128056526,-0.057375527918338776,0.32364678382873535,-0.05314050614833832,-0.01940101943910122,-0.051602162420749664,-0.026316780596971512,-0.050538964569568634,0.4499444365501404,-0.05404016003012657,-0.18228061497211456,-0.04213133081793785
,,0.04939248412847519,-0.16814331710338593,0.23133982717990875,1.3507276773452759,1.0046085119247437,-0.031842637807130814,0.0010851428378373384,-0.058384526520967484,0.002443689852952957,0.016628112643957138,0.006254111882299185,-0.12371988594532013,-0.00820429902523756,0.057881515473127365,0.0009371377527713776,0.003507819725200534,-0.005128123797476292,0.12367040663957596,0.05908374488353729,0.04597937688231468,0.21977324783802032,-1.2708697319030762,0.9813835620880127,-0.15875792503356934,-0.023860527202486992,-0.05793513357639313,0.3233519494533539,-0.056401412934064865,-0.016072183847427368,-0.0521719865500927,-0.025515707209706306,-0.050707992166280746,0.44963449239730835,-0.05731956660747528,-0.1784643530845642,-0.04201572388410568
,,0.04926448315382004,-0.16873542964458466,0.23115205764770508,1.3470677137374878,1.0075651407241821,-0.03572803735733032,0.0009125889046117663,-0.058517664670944214,0.002513561397790909,0.011810358613729477,0.00820543710142374,-0.12345097213983536,-0.008025841787457466,0.05803632363677025,0.0009057819843292236,0.0033106948249042034,-0.005398164037615061,0.1233852431178093,0.059015803039073944,0.04543723538517952,0.2191382795572281,-1.2745217084884644,0.9838647842407227,-0.16268326342105865,-0.02358710765838623,-0.05824974924325943,0.32316696643829346,-0.05848316475749016,-0.013665325939655304,-0.05243917927145958,-0.024922840297222137,-0.05077556520700455,0.4494389295578003,-0.059407416731119156,-0.17575863003730774,-0.04185379296541214
,,0.04916790500283241,-0.16926689445972443,0.23095788061618805,1.3434784412384033,1.0106302499771118,-0.03944247588515282,0.000726096099242568,-0.05864705145359039,0.0025725625455379486,0.007095398381352425,0.010222150012850761,-0.12318103015422821,-0.007930763997137547,0.058112889528274536,0.0008884221315383911,0.0032074572518467903,-0.00553478579968214,0.12323613464832306,0.058944184333086014,0.04496307671070099,0.21850885450839996,-1.278107762336731,0.986538290977478,-0.16641907393932343,-0.02343928813934326,-0.05838915705680847,0.3230783939361572,-0.05949417129158974,-0.012404325418174267,-0.05253780633211136,-0.024608470499515533,-0.05079571157693863,0.4493448734283447,-0.06041956692934036,-0.17435653507709503,-0.04174654930830002
,,0.049103744328022,-0.1697358638048172,0.2307576984167099,1.3399697542190552,1.0138059854507446,-0.04297259822487831,0.000525378156453371,-0.05877172201871872,0.0026208125054836273,0.0024994772393256426,0.012304145842790604,-0.1229114904999733,-0.00762172369286418,0.05833768472075462,0.0008299015462398529,0.002879316220059991,-0.005951402243226767,0.12276358157396317,0.05886853486299515,0.04455901309847832,0.21788668632507324,-1.2816212177276611,0.9894102215766907,-0.16995473206043243,-0.023120958358049393,-0.05863132327795029,0.3229099214076996,-0.061452753841876984,-0.00976498145610094,-0.052662670612335205,-0.023943226784467697,-0.050808314234018326,0.44916510581970215,-0.06237654760479927,-0.17145252227783203,-0.04147763550281525
,,0.0490841418504715,-0.1699463576078415,0.23065558075904846,1.3382487297058105,1.015436053276062,-0.044664036482572556,0.00031015934655442834,-0.05889065936207771,0.0026583485305309296,-0.001961326925083995,0.014451256021857262,-0.12264317274093628,-0.007510618306696415,0.05841057375073433,0.0008081570267677307,0.002763688564300537,-0.006092712748795748,0.12259828299283981,0.05882912874221802,0.04438388720154762,0.21757888793945312,-1.283348798751831,0.9909224510192871,-0.17164413630962372,-0.022950321435928345,-0.05873388051986694,0.3228303790092468,-0.062398798763751984,-0.008385701104998589,-0.052688147872686386,-0.023228570818901062,-0.05078377574682236,0.4489975571632385,-0.06423864513635635,-0.16841338574886322,-0.04113442823290825
,,0.04907061904668808,-0.17031793296337128,0.23044756054878235,1.3348804712295532,1.0187820196151733,-0.04789120331406593,0.0001970110461115837,-0.05894767493009567,0.0026731453835964203,-0.004136200062930584,0.015549329109489918,-0.12250998616218567,-0.007395397871732712,0.05848225951194763,0.0007854215800762177,0.0026450182776898146,-0.0062352861277759075,0.12242931872606277,0.05874686315655708,0.04408879950642586,0.21697096526622772,-1.2867412567138672,0.9941037893295288,-0.17485956847667694,-0.022585708647966385,-0.05890108644962311,0.32268136739730835,-0.06422071158885956,-0.005505567882210016,-0.052663300186395645,-0.022852417081594467,-0.05075741559267044,0.4489187002182007,-0.0651322454214096,-0.16684244573116302,-0.0409342460334301
,,0.04907692223787308,-0.17047865688800812,0.23034176230430603,1.3332358598709106,1.020498514175415,-0.049423299729824066,-4.052452277392149e-05,-0.05905621126294136,0.002694796770811081,-0.008364618755877018,0.017794303596019745,-0.1222459152340889,-0.007152464706450701,0.05862151458859444,0.0007366053760051727,0.0023984077852219343,-0.006524581927806139,0.1220817118883133,0.05865984782576561,0.0438690148293972,0.2163747102022171,-1.2900444269180298,0.9974997639656067,-0.17784783244132996,-0.022189350798726082,-0.0590168759226799,0.3225468695163727,-0.06594400852918625,-0.002460009418427944,-0.05253473296761513,-0.02206171676516533,-0.050676193088293076,0.44877153635025024,-0.0668407529592514,-0.1635960042476654,-0.04047543182969093
,,0.049149688333272934,-0.1708572655916214,0.23001794517040253,1.328477144241333,1.0258270502090454,-0.05367226153612137,-0.0002934219082817435,-0.05915664881467819,0.0027060844004154205,-0.01241847313940525,0.02010479010641575,-0.12198643386363983,-0.006892531178891659,0.058754462748765945,0.0006835013628005981,0.002139101969078183,-0.006819699425250292,0.12172229588031769,0.058614473789930344,0.04378804564476013,0.21608147025108337,-1.2916600704193115,0.9992803335189819,-0.1792534589767456,-0.021979093551635742,-0.059055112302303314,0.32248541712760925,-0.06676675379276276,-0.0008739039767533541,-0.052430760115385056,-0.021218983456492424,-0.05055653303861618,0.4486393928527832,-0.06843920797109604,-0.1602078676223755,-0.039937302470207214
,,0.04919227957725525,-0.17094817757606506,0.22990798950195312,1.3269542455673218,1.0276641845703125,-0.054966747760772705,-0.0004257221007719636,-0.059203509241342545,0.0027078352868556976,-0.01437514740973711,0.021284645423293114,-0.12185873091220856,-0.006615187972784042,0.05888022854924202,0.0006261318922042847,0.0018672998994588852,-0.007121266331523657,0.12135352194309235,0.05851982533931732,0.043685104697942734,0.2155059427022934,-1.2948150634765625,1.0030115842819214,-0.18188068270683289,-0.021533843129873276,-0.059091515839099884,0.3223749101161957,-0.06833063811063766,0.0024276901967823505,-0.05214163661003113,-0.02077772468328476,-0.050482116639614105,0.4485793113708496,-0.0691952332854271,-0.15845978260040283,-0.03963794186711311
,,0.049305692315101624,-0.17107559740543365,0.22968542575836182,1.324013113975525,1.031432032585144,-0.057361848652362823,-0.0007024097722023726,-0.05928995460271835,0.0027040019631385803,-0.01813754253089428,0.023693958297371864,-0.12160833925008774,-0.006469840183854103,0.0589400939643383,0.0005959905683994293,0.0017265516798943281,-0.00727467518299818,0.12116627395153046,0.05847050994634628,0.043663714081048965,0.21522405743598938,-1.2963520288467407,1.0049642324447632,-0.18309950828552246,-0.021298661828041077,-0.05908934772014618,0.322326123714447,-0.06907019019126892,0.004144316539168358,-0.051955949515104294,-0.02032296732068062,-0.050397858023643494,0.4485234022140503,-0.06992142647504807,-0.1566750705242157,-0.03931818902492523
,,0.04937669634819031,-0.17111162841320038,0.2295728176832199,1.3225979804992676,1.0333640575408936,-0.05845872685313225,-0.0008468865416944027,-0.0593293160200119,0.002698346972465515,-0.01993955485522747,0.024923471733927727,-0.12148609757423401,-0.006319998763501644,0.05899780988693237,0.0005647428333759308,0.00158266955986619,-0.007429876364767551,0.12097755819559097,0.05841982364654541,0.04366272687911987,0.21494634449481964,-1.2978609800338745,1.0069760084152222,-0.18425315618515015,-0.020802704617381096,-0.05904357135295868,0.32224220037460327,-0.07046065479516983,0.007712164428085089,-0.05150093510746956,-0.019372377544641495,-0.05019957572221756,0.4484245479106903,-0.07128124684095383,-0.15299423038959503,-0.0386168472468853
,,0.04945743456482887,-0.17112885415554047,0.22945941984653473,1.3212220668792725,1.0353283882141113,-0.05948595330119133,-0.001148464041762054,-0.05939968302845955,0.002679836004972458,-0.02337568812072277,0.027432817965745926,-0.12124823778867722,-0.006006552372127771,0.05910637602210045,0.0004994310438632965,0.0012854847591370344,-0.00774607015773654,0.12059716135263443,0.05831427872180939,0.04372299090027809,0.2144043743610382,-1.3007892370224,1.0111812353134155,-0.1863594800233841,-0.02054171822965145,-0.05899960547685623,0.32220733165740967,-0.07111001014709473,0.009564615786075592,-0.05123114958405495,-0.018876198679208755,-0.050085365772247314,0.44838187098503113,-0.07191333174705505,-0.15109719336032867,-0.038235049694776535
,,0.049648404121398926,-0.17110589146614075,0.22923023998737335,1.3185945749282837,1.0393567085266113,-0.06132391467690468,-0.0013056851457804441,-0.059430476278066635,0.0026671476662158966,-0.025005698204040527,0.028712717816233635,-0.12113308906555176,-0.005842810496687889,0.05915696546435356,0.0004653856158256531,0.0011321138590574265,-0.007907257415354252,0.12040620297193527,0.05825942009687424,0.04378476366400719,0.21414053440093994,-1.30220627784729,1.0133765935897827,-0.18730926513671875,-0.03054775856435299,-0.0661432221531868,0.31864631175994873,-0.04791077598929405,-0.01838926412165165,-0.05064983293414116,-0.032561492174863815,-0.059974972158670425,0.44497978687286377,-0.04871111735701561,-0.1792590469121933,-0.041352130472660065
,,0.04227893054485321,-0.1762184351682663,0.22543051838874817,1.3638744354248047,1.009412407875061,-0.022328970953822136,-0.0016606028657406569,-0.059492941945791245,3.717094659805298e-05,-0.0006458793650381267,-0.0005036630900576711,-0.12045346200466156,-0.0055002737790346146,0.05926141142845154,0.0004417151212692261,0.019885804504156113,-0.045680440962314606,0.11954569816589355,0.050675250589847565,0.038975730538368225,0.2153499573469162,-1.251302719116211,0.9874094128608704,-0.1437394618988037,-0.030867675319314003,-0.06625999510288239,0.3186389207839966,-0.04774085059762001,-0.01827496849000454,-0.05025116726756096,-0.032870545983314514,-0.06011471152305603,0.4449736773967743,-0.048537369817495346,-0.17913398146629333,-0.040977418422698975
,,0.041689224541187286,-0.17638297379016876,0.22532197833061218,1.3646754026412964,1.0099421739578247,-0.02091214619576931,-0.0018317586509510875,-0.0595141164958477,6.051361560821533e-05,-0.0011334896553307772,-0.0009324967977590859,-0.1203026995062828,-0.005323990248143673,0.059303805232048035,0.0005428828299045563,0.020243287086486816,-0.047778431326150894,0.11933700740337372,0.05022260546684265,0.03894931077957153,0.21532198786735535,-1.250565767288208,0.9880815148353577,-0.1426791548728943,-0.03144112601876259,-0.06654829531908035,0.31861355900764465,-0.047043878585100174,-0.017762620002031326,-0.0493847131729126,-0.03338909149169922,-0.06049588695168495,0.44495368003845215,-0.04782438278198242,-0.1786266714334488,-0.04022733494639397
,,0.04115671664476395,-0.17659011483192444,0.22513633966445923,1.3662233352661133,1.0107604265213013,-0.018798954784870148,-0.0021848995238542557,-0.05955764278769493,8.83936882019043e-05,-0.001787340035662055,-0.0016462787752971053,-0.12008967995643616,-0.004966102074831724,0.059390436857938766,0.0007600076496601105,0.02131921425461769,-0.05161063000559807,0.11899282783269882,0.049337178468704224,0.03887167572975159,0.2152678370475769,-1.2485934495925903,0.9897642731666565,-0.1400592178106308,-0.031703658401966095,-0.06672914326190948,0.3185981512069702,-0.04656902328133583,-0.01738363690674305,-0.0489666685461998,-0.03360931947827339,-0.06073983758687973,0.444941908121109,-0.0473383367061615,-0.17826005816459656,-0.03989725559949875
,,0.04090099781751633,-0.17671960592269897,0.22502371668815613,1.3671836853027344,1.01126229763031,-0.017601968720555305,-0.002366073662415147,-0.05958276242017746,9.836629033088684e-05,-0.0020037535578012466,-0.001954322913661599,-0.12004771828651428,-0.0047867861576378345,0.05943726748228073,0.0008773766458034515,0.02203856222331524,-0.053281381726264954,0.11887799948453903,0.048470959067344666,0.03876996040344238,0.2152092456817627,-1.246028184890747,0.991879403591156,-0.1368289440870285,-0.03218997269868851,-0.06714844703674316,0.3185647130012512,-0.045454658567905426,-0.016412416473031044,-0.04818297550082207,-0.03414318338036537,-0.06161900609731674,0.44490450620651245,-0.04556744545698166,-0.17677706480026245,-0.03910011053085327
,,0.04040545970201492,-0.17701347172260284,0.22477024793624878,1.369354009628296,1.0124329328536987,-0.015036297962069511,-0.0027372906915843487,-0.05963907018303871,0.00011272355914115906,-0.0022846057545393705,-0.0024996036663651466,-0.12009011209011078,-0.004427609033882618,0.05953746289014816,0.0011248290538787842,0.0237614493817091,-0.05615406855940819,0.11876220256090164,0.04804227501153946,0.038724154233932495,0.2151765674352646,-1.244535207748413,0.9930941462516785,-0.1349763721227646,-0.03241610899567604,-0.06737851351499557,0.31854748725891113,-0.04484020918607712,-0.015829959884285927,-0.0478164367377758,-0.03428405150771141,-0.06194368749856949,0.44489213824272156,-0.04491142928600311,-0.17616930603981018,-0.03889073431491852
,,0.04016413539648056,-0.1771729588508606,0.22463271021842957,1.3705285787582397,1.013095498085022,-0.013698313385248184,-0.002927168970927596,-0.059670042246580124,0.00011777132749557495,-0.002368779154494405,-0.0027444353327155113,-0.12017317861318588,-0.004067965783178806,0.05964553728699684,0.0013862177729606628,0.025790655985474586,-0.05842668563127518,0.11879762262105942,0.04718875139951706,0.03866223990917206,0.21510164439678192,-1.2411330938339233,0.9958377480506897,-0.13077768683433533,-0.03283850476145744,-0.0678643137216568,0.31851330399513245,-0.04354160651564598,-0.014490285888314247,-0.04713159427046776,-0.034408267587423325,-0.06227788329124451,0.4448801279067993,-0.044236235320568085,-0.17551030218601227,-0.038706302642822266
,,0.03969188779592514,-0.1775078922510147,0.22434188425540924,1.3729928731918335,1.014563798904419,-0.010966692119836807,-0.003314847592264414,-0.05973675101995468,0.00012500956654548645,-0.0024603253696113825,-0.0031923260539770126,-0.12045949697494507,-0.0038880882784724236,0.05970219150185585,0.0015219524502754211,0.026900066062808037,-0.05934644490480423,0.11887167394161224,0.04676222801208496,0.03865204378962517,0.21505877375602722,-1.2392219305038452,0.9973664879798889,-0.12842366099357605,-0.03303597494959831,-0.06811552494764328,0.31849679350852966,-0.04287010431289673,-0.013739007525146008,-0.04681235924363136,-0.034610144793987274,-0.0629643127322197,0.444857656955719,-0.04285022243857384,-0.1740487813949585,-0.038406822830438614
,,0.03946014493703842,-0.17768064141273499,0.22419030964374542,1.3742645978927612,1.0153658390045166,-0.009588457643985748,-0.0035124740097671747,-0.059772152453660965,0.0001275576651096344,-0.002477710833773017,-0.003399229608476162,-0.12066137045621872,-0.0035285716876387596,0.0598197802901268,0.0018040500581264496,0.02928028255701065,-0.060768671333789825,0.11913169175386429,0.04590564966201782,0.03868393227458,0.21496084332466125,-1.2349672317504883,1.0007396936416626,-0.12318682670593262,-0.03340579941868782,-0.06862643361091614,0.3184654712677002,-0.041505370289087296,-0.012085613794624805,-0.04621816426515579,-0.03468913584947586,-0.06331254541873932,0.4448472857475281,-0.0421476773917675,-0.1732504516839981,-0.03828932344913483
,,0.0387798473238945,-0.17820841073989868,0.22371816635131836,1.3781633377075195,1.018026351928711,-0.005464976653456688,-0.004118745680898428,-0.05988419055938721,0.00013221055269241333,-0.0024580846074968576,-0.003968205768615007,-0.12149249762296677,-0.0031698131933808327,0.05994190275669098,0.0021034739911556244,0.031849149614572525,-0.06165379285812378,0.11953944712877274,0.04504004493355751,0.038795892149209976,0.21484583616256714,-1.2301137447357178,1.0045368671417236,-0.11721877753734589,-0.03374412655830383,-0.06914076209068298,0.31843703985214233,-0.04013165459036827,-0.010243967175483704,-0.04568028450012207,-0.03484430909156799,-0.06436021625995636,0.44482022523880005,-0.04003525897860527,-0.17060549557209015,-0.03805460035800934
,,0.03855759650468826,-0.17838498950004578,0.22355633974075317,1.3794771432876587,1.018993854522705,-0.00410522660240531,-0.004532637074589729,-0.05996152386069298,0.0001337304711341858,-0.002407398074865341,-0.004313044715672731,-0.12222683429718018,-0.0028124863747507334,0.06006679683923721,0.0024247057735919952,0.0345831960439682,-0.06202401965856552,0.12009298801422119,0.044160857796669006,0.038996919989585876,0.21471330523490906,-1.2246290445327759,1.0087597370147705,-0.11048763990402222,-0.034052662551403046,-0.06965148448944092,0.3184118866920471,-0.038765016943216324,-0.008227048441767693,-0.04519544914364815,-0.03487003222107887,-0.0647069662809372,0.4448125660419464,-0.0393357090651989,-0.16964536905288696,-0.03801283985376358
,,0.03811956197023392,-0.17873580753803253,0.22322773933410645,1.3821091651916504,1.0210435390472412,-0.0014200098812580109,-0.004742010496556759,-0.06000027433037758,0.000134199857711792,-0.002375183627009392,-0.0044768680818378925,-0.12264559417963028,-0.002634576987475157,0.06012968346476555,0.0025952011346817017,0.03600655868649483,-0.06202267110347748,0.12042366713285446,0.04371493309736252,0.03913280367851257,0.2146405279636383,-1.221638798713684,1.0110313892364502,-0.10682599246501923,-0.034332409501075745,-0.07015357166528702,0.3183901906013489,-0.03741535171866417,-0.0060458616353571415,-0.04476041719317436,-0.034884173423051834,-0.06539217382669449,0.4447993338108063,-0.03795084357261658,-0.16761477291584015,-0.037979867309331894
,,0.037903815507888794,-0.17890913784503937,0.22306129336357117,1.383423924446106,1.0221236944198608,-9.686339035397395e-05,-0.004952764604240656,-0.060038793832063675,0.00013441592454910278,-0.0023398585617542267,-0.004635506775230169,-0.12309759855270386,-0.002280857879668474,0.06025517359375954,0.002959825098514557,0.038958244025707245,-0.06166001409292221,0.12119148671627045,0.04280819743871689,0.03947824239730835,0.2144821286201477,-1.2151387929916382,1.0158941745758057,-0.09888993948698044,-0.034461699426174164,-0.07040008902549744,0.3183806240558624,-0.036748822778463364,-0.0048967394977808,-0.044560618698596954,-0.03487306833267212,-0.06572945415973663,0.444793701171875,-0.037267062813043594,-0.16654658317565918,-0.03798742592334747
,,0.037690259516239166,-0.17908044159412384,0.22289371490478516,1.384736180305481,1.0232394933700562,0.0012122128391638398,-0.005377680528908968,-0.060113951563835144,0.0001344047486782074,-0.0022625697311013937,-0.004938378930091858,-0.12409825623035431,-0.0021052625961601734,0.060317277908325195,0.003155723214149475,0.0404839813709259,-0.06130382791161537,0.1216280534863472,0.04234657436609268,0.03968864679336548,0.21439670026302338,-1.2116186618804932,1.0184853076934814,-0.09460701048374176,-0.034583963453769684,-0.07064308226108551,0.3183719217777252,-0.036088500171899796,-0.0037101097404956818,-0.04437197744846344,-0.03481530398130417,-0.06639101356267929,0.4447842240333557,-0.035919494926929474,-0.16430939733982086,-0.038047391921281815
,,0.03727016597986221,-0.17941564321517944,0.2225554883480072,1.3873494863510132,1.0255745649337769,0.003787448862567544,-0.005805745255202055,-0.060184888541698456,0.0001340322196483612,-0.002179799834266305,-0.005223357584327459,-0.1252218335866928,-0.0017571549396961927,0.060438722372055054,0.003578823059797287,0.043629422783851624,-0.060254037380218506,0.12260446697473526,0.04140511900186539,0.040186285972595215,0.2142142653465271,-1.2040116786956787,1.0239837169647217,-0.08538968861103058,-0.03480739891529083,-0.0711168721318245,0.31835705041885376,-0.03478775918483734,-0.0012286687269806862,-0.044026780873537064,-0.03476893529295921,-0.06671454012393951,0.4447804093360901,-0.035256363451480865,-0.16314244270324707,-0.03809865564107895
,,0.03686007857322693,-0.17973878979682922,0.22221392393112183,1.3899449110031128,1.0280416011810303,0.006304831709712744,-0.0060204556211829185,-0.06021807715296745,0.00013365596532821655,-0.002137166913598776,-0.005359535571187735,-0.12582740187644958,-0.0015849461778998375,0.06049752235412598,0.003807857632637024,0.04524721950292587,-0.05956539511680603,0.1231437474489212,0.040436889976263046,0.04078788310289383,0.21401727199554443,-1.195611834526062,1.029901385307312,-0.07527308166027069,-0.03500271961092949,-0.07157226651906967,0.31834545731544495,-0.033514853566884995,0.0013901022030040622,-0.04372153803706169,-0.034641873091459274,-0.06734516471624374,0.4447742700576782,-0.03395254164934158,-0.16071628034114838,-0.038241125643253326
,,0.036461081355810165,-0.18004721403121948,0.22186949849128723,1.3925197124481201,1.0306336879730225,0.00876566767692566,-0.006450051441788673,-0.06027864292263985,0.00013270974159240723,-0.002051181625574827,-0.005619790405035019,-0.1271221786737442,-0.0012448024936020374,0.06060995161533356,0.00430544838309288,0.04856962710618973,-0.05787301063537598,0.12432244420051575,0.039941929280757904,0.04112794250249863,0.2139137238264084,-1.191099762916565,1.0330159664154053,-0.06986548751592636,-0.03516954183578491,-0.072006955742836,0.31833693385124207,-0.032270435243844986,0.004138201009482145,-0.043452873826026917,-0.03446952626109123,-0.06795203685760498,0.4447699785232544,-0.03267933428287506,-0.1581733673810959,-0.03843303397297859
,,0.03626609966158867,-0.18019522726535797,0.22169643640518188,1.393799066543579,1.0319744348526,0.009975679218769073,-0.006664510350674391,-0.0603054016828537,0.00013216212391853333,-0.0020080069079995155,-0.005744019988924265,-0.12780949473381042,-0.0009113908745348454,0.06071346625685692,0.004861876368522644,0.05200255289673805,-0.05577646568417549,0.1256321668624878,0.038914795964956284,0.041922226548194885,0.21369561553001404,-1.1810775995254517,1.0396229028701782,-0.058045290410518646,-0.03524210676550865,-0.07221584022045135,0.31833380460739136,-0.03165895864367485,0.00555832777172327,-0.04333120584487915,-0.03425244987010956,-0.06853295117616653,0.4447672367095947,-0.03143714740872383,-0.15552058815956116,-0.03867008164525032
,,0.03588616102933884,-0.1804773211479187,0.22134873270988464,1.396342158317566,1.0347418785095215,0.012357295490801334,-0.007091437932103872,-0.06035057455301285,0.00013084709644317627,-0.001921934075653553,-0.00598094193264842,-0.12925924360752106,-0.0007476005703210831,0.06076117232441902,0.005164366215467453,0.053759027272462845,-0.054582640528678894,0.1263352930545807,0.03784133866429329,0.042863696813583374,0.2134658545255661,-1.1697195768356323,1.0467087030410767,-0.044847115874290466,-0.0353652685880661,-0.07261548936367035,0.3183295726776123,-0.030457230284810066,0.00848594680428505,-0.04311106726527214,-0.03412728011608124,-0.06881307065486908,0.4447663426399231,-0.030827630311250687,-0.15415515005588531,-0.03880424052476883
,,0.03570156916975975,-0.18061089515686035,0.22117415070533752,1.3976058959960938,1.0361664295196533,0.013529835268855095,-0.007514101453125477,-0.060382794588804245,0.00012934207916259766,-0.001837012474425137,-0.006202740129083395,-0.13080334663391113,-0.000426524318754673,0.06084701046347618,0.0058223046362400055,0.05734901875257492,-0.05191594362258911,0.12783567607402802,0.03729149326682091,0.04337651655077934,0.21334806084632874,-1.1636433601379395,1.0504021644592285,-0.037816163152456284,-0.03541561961174011,-0.07280576229095459,0.31832846999168396,-0.02986680530011654,0.009991573169827461,-0.043011829257011414,-0.0339910089969635,-0.069085992872715,0.44476574659347534,-0.030225764960050583,-0.15276487171649933,-0.038948144763708115
,,0.035344187170267105,-0.18086174130439758,0.22082389891147614,1.4001188278198242,1.039093017578125,0.015841346234083176,-0.007723215036094189,-0.06039336696267128,0.0001285448670387268,-0.0017949703615158796,-0.006308085285127163,-0.1316084861755371,-0.00026960845571011305,0.060884587466716766,0.006179485470056534,0.05918138846755028,-0.050447847694158554,0.12863227725028992,0.03616322576999664,0.04448460042476654,0.21310783922672272,-1.1506636142730713,1.058081865310669,-0.02287019044160843,-0.03549356386065483,-0.07316605746746063,0.31832802295684814,-0.02870653010904789,0.01308179646730423,-0.04283275082707405,-0.03368549048900604,-0.06960934400558472,0.4447650909423828,-0.02904488891363144,-0.14991287887096405,-0.03926294669508934
,,0.035003867000341415,-0.1810891479253769,0.2204723358154297,1.4026131629943848,1.042117953300476,0.01811184175312519,-0.008135631680488586,-0.06040216237306595,0.0001266784965991974,-0.0017123919678851962,-0.006507675629109144,-0.13328035175800323,0.0001847491366788745,0.06097245588898659,0.007373124361038208,0.06482237577438354,-0.04553249105811119,0.13120190799236298,0.034994177520275116,0.04569978266954422,0.21286313235759735,-1.136533498764038,1.0661429166793823,-0.00671257171779871,-0.035551831126213074,-0.07365284115076065,0.3183314800262451,-0.027015898376703262,0.017900733277201653,-0.04260662943124771,-0.033144839107990265,-0.0703352615237236,0.4447650611400604,-0.027329521253705025,-0.14546911418437958,-0.03979513421654701
,,0.03468242287635803,-0.18129123747348785,0.22011974453926086,1.40509033203125,1.0452337265014648,0.020346028730273247,-0.008735808543860912,-0.06038077548146248,0.00012359395623207092,-0.001591976615600288,-0.0067795924842357635,-0.13592848181724548,0.0004723283927887678,0.06100761145353317,0.008278410881757736,0.0686977282166481,-0.04185343161225319,0.13306047022342682,0.03378148004412651,0.047018446028232574,0.21261614561080933,-1.1211926937103271,1.0745707750320435,0.010701820254325867,-0.035555191338062286,-0.07380002737045288,0.31833362579345703,-0.02646521106362343,0.01955234818160534,-0.042541053146123886,-0.0327296108007431,-0.07077766209840775,0.44476523995399475,-0.02622235007584095,-0.142405703663826,-0.040184009820222855
,,0.034381695091724396,-0.1814662516117096,0.21976645290851593,1.4075522422790527,1.0484340190887451,0.022548524662852287,-0.008929843083024025,-0.060363493859767914,0.0001225508749485016,-0.001552916713990271,-0.006862967740744352,-0.13684482872486115,0.0006110410904511809,0.061017364263534546,0.008765887469053268,0.07066840678453445,-0.03990037366747856,0.13403210043907166,0.032509028911590576,0.0484747514128685,0.2123706042766571,-1.1041803359985352,1.0833842754364014,0.029756756499409676,-0.03553707152605057,-0.07407064735889435,0.3183392286300659,-0.025382447987794876,0.02291807159781456,-0.04242169111967087,-0.0325055755674839,-0.07098591327667236,0.44476526975631714,-0.025679416954517365,-0.1408461481332779,-0.040387123823165894
,,0.03410353884100914,-0.18161249160766602,0.21941274404525757,1.410000205039978,1.0517114400863647,0.024724192917346954,-0.009307329542934895,-0.06031237542629242,0.00012017786502838135,-0.0014763475628569722,-0.007018870208412409,-0.13872289657592773,0.0008774062152951956,0.06101999804377556,0.009813625365495682,0.07467319816350937,-0.03577841445803642,0.13605719804763794,0.031172288581728935,0.05006476491689682,0.21212834119796753,-1.0853819847106934,1.09259033203125,0.05057454854249954,-0.0354851670563221,-0.07430862635374069,0.31834641098976135,-0.02432374842464924,0.026361100375652313,-0.04231595993041992,-0.03202468901872635,-0.07137573510408401,0.44476503133773804,-0.024614419788122177,-0.13767555356025696,-0.040808405727148056
,,0.03384977579116821,-0.18172845244407654,0.2190588116645813,1.4124358892440796,1.0550596714019775,0.026877840980887413,-0.00966887641698122,-0.060237884521484375,0.00011774897575378418,-0.001401903573423624,-0.007160423323512077,-0.14065483212471008,0.0011279616737738252,0.06099850684404373,0.010961983352899551,0.07875927537679672,-0.031384505331516266,0.13818851113319397,0.030484436079859734,0.05089334771037102,0.21200886368751526,-1.0754377841949463,1.0973167419433594,0.0615382120013237,-0.03539858013391495,-0.07451283931732178,0.3183549642562866,-0.023288244381546974,0.029874222353100777,-0.04222065955400467,-0.031500112265348434,-0.07172919809818268,0.44476422667503357,-0.02357667125761509,-0.13444159924983978,-0.041246432811021805
,,0.033622246235609055,-0.18181294202804565,0.21870502829551697,1.414860725402832,1.0584712028503418,0.029013630002737045,-0.010012432001531124,-0.06013861298561096,0.00011515989899635315,-0.0013296407414600253,-0.0072876145131886005,-0.14263375103473663,0.0013614159543067217,0.06095120683312416,0.01221434772014618,0.08292274177074432,-0.026736965402960777,0.1404217630624771,0.029069896787405014,0.05261249095201492,0.21177557110786438,-1.0544241666793823,1.1069875955581665,0.08459559828042984,-0.03527645394206047,-0.0746823400259018,0.318364679813385,-0.022275133058428764,0.033450257033109665,-0.042132776230573654,-0.03093191236257553,-0.07204543054103851,0.44476252794265747,-0.022565504536032677,-0.13115082681179047,-0.041697416454553604
,,0.033518873155117035,-0.18184296786785126,0.21852827072143555,1.4160693883895874,1.0601987838745117,0.030076269060373306,-0.010335924103856087,-0.06001332402229309,0.00011251121759414673,-0.0012595376465469599,-0.007400463335216045,-0.14465242624282837,0.0015765901189297438,0.060876473784446716,0.013573724776506424,0.0871594026684761,-0.021854283288121223,0.14275255799293518,0.02760442905128002,0.05440665781497955,0.21155241131782532,-1.0318665504455566,1.1169098615646362,0.10918708890676498,-0.03520182520151138,-0.07475384324789047,0.31836989521980286,-0.021776743233203888,0.035259634256362915,-0.04209067299962044,-0.030631501227617264,-0.0721893385052681,0.4447612762451172,-0.022069696336984634,-0.12948620319366455,-0.04192658141255379
,,0.03333396092057228,-0.18187803030014038,0.21817520260810852,1.418480396270752,1.0636929273605347,0.03219320997595787,-0.010489560663700104,-0.05994059517979622,0.00011113286018371582,-0.0012253392487764359,-0.007451575715094805,-0.14567458629608154,0.0016769309295341372,0.06082838401198387,0.014294035732746124,0.08930393308401108,-0.019330380484461784,0.1439530998468399,0.026090234518051147,0.05626610666513443,0.2113426923751831,-1.0077183246612549,1.127031683921814,0.13534319400787354,-0.03502500802278519,-0.07486990839242935,0.3183809220790863,-0.020795760676264763,0.038916654884815216,-0.04200857877731323,-0.029998231679201126,-0.07244840264320374,0.4447578191757202,-0.02109716460108757,-0.12612228095531464,-0.04239017143845558
,,0.03325284272432327,-0.18188288807868958,0.2179989218711853,1.4196828603744507,1.065457820892334,0.03324863687157631,-0.01077943854033947,-0.05977440997958183,0.00010825693607330322,-0.001158619299530983,-0.00754304276779294,-0.14773967862129211,0.0018625051015987992,0.06071002408862114,0.015816859900951385,0.09364259243011475,-0.01412926334887743,0.14642170071601868,0.02531597763299942,0.05721697956323624,0.21124380826950073,-0.9950361251831055,1.1321499347686768,0.14901550114154816,-0.034922655671834946,-0.07491438090801239,0.3183867037296295,-0.020313004031777382,0.04076250270009041,-0.04196784272789955,-0.029321882873773575,-0.07266881316900253,0.44475287199020386,-0.02014962211251259,-0.1227177232503891,-0.04285770282149315
,,0.03311420604586601,-0.18186676502227783,0.21764713525772095,1.4220823049545288,1.069019079208374,0.03535560145974159,-0.010915207676589489,-0.059680789709091187,0.00010680779814720154,-0.00112601974979043,-0.0075834463350474834,-0.14878101646900177,0.001947471871972084,0.06063947454094887,0.016619451344013214,0.09583549946546555,-0.01145624928176403,0.147688627243042,0.024531099945306778,0.05818011239171028,0.2111494243144989,-0.9819438457489014,1.1372960805892944,0.16308677196502686,-0.021081898361444473,-0.018753066658973694,0.318398654460907,-0.01936260424554348,0.04448444023728371,0.10795005410909653,-0.01575414463877678,-0.01571214199066162,0.4447498321533203,-0.01968502625823021,-0.12100216746330261,0.10674354434013367
,,0.06185881048440933,-0.11431246250867844,0.21747174859046936,1.4232795238494873,1.0708136558532715,0.18624334037303925,-8.731149137020111e-11,-3.1250237952917814e-09,0.00010532885789871216,-0.0010940179927274585,-0.007620255928486586,8.31508805276826e-06,-0.005008889827877283,0.12074640393257141,0.017449527978897095,0.0980432853102684,-0.008738272823393345,0.2988116443157196,0.015733635053038597,0.12337642908096313,0.2109757661819458,-0.9545201063156128,1.147637963294983,0.3433152139186859,-0.020792752504348755,-0.01886066049337387,0.31840479373931885,-0.01889478601515293,0.04635877534747124,0.10904226452112198,-0.015226425603032112,-0.01584695279598236,0.44474631547927856,-0.019226474687457085,-0.11927887052297592,0.10755946487188339
,,0.06227053329348564,-0.1143123134970665,0.21712198853492737,1.4256690740585327,1.0744264125823975,0.19045047461986542,3.4924596548080444e-10,6.803020369261503e-09,0.00010234862565994263,-0.0010315285762771964,-0.007683321367949247,7.957455636642408e-06,-0.004824562929570675,0.12039496749639511,0.01919170841574669,0.10250184684991837,-0.0031758123077452183,0.30354973673820496,0.01478335727006197,0.12415383011102676,0.21089713275432587,-0.9401872158050537,1.152815580368042,0.3596391975879669,-0.02020648866891861,-0.01906728744506836,0.3184172213077545,-0.017973607406020164,0.05012968182563782,0.1112385094165802,-0.014160318300127983,-0.016104258596897125,0.44473791122436523,-0.018327215686440468,-0.11581209301948547,0.1092018410563469
,,0.06247911602258682,-0.11430889368057251,0.2169477492570877,1.4268616437911987,1.0762425661087036,0.1925581991672516,-4.0745362639427185e-10,2.88855517283082e-09,9.926408529281616e-05,-0.0009711624006740749,-0.007732153404504061,7.525311957579106e-06,-0.004680268466472626,0.11997706443071365,0.02104196697473526,0.10701287537813187,0.0025401401799172163,0.3083721697330475,0.011844916269183159,0.1264529526233673,0.2106982171535492,-0.8947232961654663,1.1682599782943726,0.41099199652671814,-0.019610699266195297,-0.01926274597644806,0.3184297978878021,-0.017071284353733063,0.05392436683177948,0.11344723403453827,-0.013081841170787811,-0.016345493495464325,0.44472751021385193,-0.017451340332627296,-0.11232393234968185,0.11085560917854309
,,0.06311416625976562,-0.11428579688072205,0.2164279818534851,1.4304307699203491,1.0817219018936157,0.19889293611049652,2.6193447411060333e-10,2.8594513423740864e-09,9.613856673240662e-05,-0.0009130218531936407,-0.00776683259755373,7.093166459526401e-06,-0.0045766644179821014,0.11949200928211212,0.022997941821813583,0.11157149821519852,0.008391748182475567,0.31326720118522644,0.009547300636768341,0.1281745284795761,0.2105976790189743,-0.8578523993492126,1.1792798042297363,0.4511953592300415,-0.019006673246622086,-0.019447289407253265,0.31844234466552734,-0.016187399625778198,0.05773576349020004,0.11566413193941116,-0.01199318841099739,-0.016571044921875,0.4447150230407715,-0.016598418354988098,-0.10882065445184708,0.1125173345208168
,,0.06354399025440216,-0.11426042020320892,0.2160843312740326,1.4328029155731201,1.0853914022445679,0.20312024652957916,6.693881005048752e-10,-6.941263563930988e-09,9.293109178543091e-05,-0.0008567493641749024,-0.007787385489791632,6.631217729591299e-06,-0.00451404694467783,0.11893945932388306,0.02505633607506752,0.11617197096347809,0.014361235313117504,0.31822261214256287,0.008410192094743252,0.12900233268737793,0.21056273579597473,-0.8390569090843201,1.1845821142196655,0.471684992313385,-0.018395747989416122,-0.01962115615606308,0.31845471262931824,-0.01532164216041565,0.06155684217810631,0.1178848072886467,-0.010896586813032627,-0.016781345009803772,0.44470030069351196,-0.01576807163655758,-0.10530870407819748,0.1141834557056427
,,0.06376048922538757,-0.11424490809440613,0.21591351926326752,1.4339866638183594,1.0872284173965454,0.20523346960544586,6.693881005048752e-10,-4.081812221556902e-09,8.964911103248596e-05,-0.0008026739815250039,-0.007793786004185677,6.228874553926289e-06,-0.004492511972784996,0.11831994354724884,0.02721305936574936,0.12080907076597214,0.020430680364370346,0.32322630286216736,0.006163034588098526,0.13059431314468384,0.21052326261997223,-0.800765872001648,1.1947399377822876,0.5133846998214722,-0.017779216170310974,-0.019784651696681976,0.31846681237220764,-0.01447369996458292,0.0653805360198021,0.12010491639375687,-0.009794236160814762,-0.016976840794086456,0.444683313369751,-0.014959900639951229,-0.10179447382688522,0.11585045605897903
,,0.06419596076011658,-0.11420858651399612,0.21557411551475525,1.4363492727279663,1.0909029245376587,0.20945625007152557,-1.280568540096283e-09,4.845787771046162e-09,8.64267349243164e-05,-0.0007506109541282058,-0.007786042522639036,5.796727691631531e-06,-0.004511791281402111,0.11763427406549454,0.029462888836860657,0.12547644972801208,0.026582496240735054,0.32826605439186096,0.003894648514688015,0.13216081261634827,0.2105313390493393,-0.7604739665985107,1.2043683528900146,0.5568684339523315,-0.017158405855298042,-0.01993802934885025,0.3184784948825836,-0.013643396086990833,0.0691998228430748,0.12232021242380142,-0.008688351139426231,-0.01715794950723648,0.44466400146484375,-0.014173631556332111,-0.0982842743396759,0.11751502752304077
,,0.06485357880592346,-0.11414182186126709,0.21507111191749573,1.4398794174194336,1.0964032411575317,0.21577182412147522,-7.566995918750763e-10,1.7789716366678476e-09,8.313730359077454e-05,-0.000700466160196811,-0.007764189504086971,5.453989160741912e-06,-0.004571423400193453,0.11688390374183655,0.031799785792827606,0.13016802072525024,0.03279925882816315,0.3333294689655304,0.0005403747782111168,0.13443623483181,0.2106325924396515,-0.6972166299819946,1.217482089996338,0.6247439384460449,-0.016534604132175446,-0.020081602036952972,0.318489670753479,-0.012830624356865883,0.07300769537687302,0.1245262399315834,-0.0070277005434036255,-0.01740369200706482,0.44463056325912476,-0.01303477305918932,-0.09304042905569077,0.11999952793121338
,,0.0655134841799736,-0.11406182497739792,0.2145766317844391,1.4433895349502563,1.1018694639205933,0.2220490425825119,0.0,-2.624801709316671e-09,7.819384336471558e-05,-0.0006288774311542511,-0.0077049932442605495,4.872823865298415e-06,-0.0047345757484436035,0.11564203351736069,0.03545296564698219,0.13723623752593994,0.04220777377486229,0.3409414291381836,-0.0015854211524128914,0.1358509361743927,0.21074965596199036,-0.6546408534049988,1.2251570224761963,0.6704530715942383,-0.015596209093928337,-0.020279139280319214,0.31850531697273254,-0.011644369922578335,0.07868272066116333,0.12780825793743134,-0.005922626703977585,-0.017550908029079437,0.44460541009902954,-0.012302335351705551,-0.08956816792488098,0.12164247781038284
,,0.0657334104180336,-0.1140325590968132,0.21441388130187988,1.4445542097091675,1.1036800146102905,0.22412966191768646,-1.4551915228366852e-10,-6.733898771926761e-09,7.488951086997986e-05,-0.0005837100325152278,-0.007647903170436621,4.470478870644001e-06,-0.004982403479516506,0.11426927149295807,0.03925967216491699,0.144320547580719,0.0516640804708004,0.34853604435920715,-0.004598152823746204,0.13783450424671173,0.21099305152893066,-0.5907466411590576,1.2350388765335083,0.7390480041503906,-0.014970718882977962,-0.02039937674999237,0.318514883518219,-0.010875466279685497,0.0824313536286354,0.12997198104858398,-0.004821721464395523,-0.017685391008853912,0.4445778727531433,-0.01159108430147171,-0.08612210303544998,0.12327082455158234
,,0.06639138609170914,-0.11393768340349197,0.21393267810344696,1.4480289220809937,1.1090648174285889,0.23032565414905548,2.9103830456733704e-11,1.0059011401608586e-09,7.162615656852722e-05,-0.000540261622518301,-0.007576719392091036,4.008527412224794e-06,-0.005082859192043543,0.11378464847803116,0.04055743291974068,0.1466812640428543,0.054816700518131256,0.3510560095310211,-0.005553737282752991,0.13846206665039062,0.2110907882452011,-0.5695592164993286,1.2378991842269897,0.7617937326431274,-0.014658494852483273,-0.020456209778785706,0.31851935386657715,-0.010497714392840862,0.08429262787103653,0.13104470074176788,-0.0037272004410624504,-0.017807699739933014,0.444548100233078,-0.010901080444455147,-0.08270876109600067,0.12488087266683578
,,0.06682737916707993,-0.11386929452419281,0.2136181890964508,1.4503260850906372,1.1126073598861694,0.23441027104854584,0.0,3.3523974707350135e-09,6.831437349319458e-05,-0.0004987504798918962,-0.007491451222449541,3.6806902699026978e-06,-0.0054345522075891495,0.11225719004869461,0.044520508497953415,0.15374772250652313,0.06424644589424133,0.35856011509895325,-0.00827091559767723,0.1402561515569687,0.21142902970314026,-0.5067448019981384,1.2452057600021362,0.8292406797409058,-0.013416960835456848,-0.02066226303577423,0.31853529810905457,-0.009031695313751698,0.09163033217191696,0.13526345789432526,-0.0021021999418735504,-0.017969369888305664,0.44449949264526367,-0.009905733168125153,-0.07766377180814743,0.12725430727005005
,,0.06726010888814926,-0.1137973889708519,0.21330922842025757,1.452605128288269,1.1161047220230103,0.23845013976097107,6.402842700481415e-10,2.48473952524364e-09,6.347522139549255e-05,-0.00043996708700433373,-0.007337154354900122,3.2038360586739145e-06,-0.005707941483706236,0.11118355393409729,0.04720768705010414,0.1584356427192688,0.0704881027340889,0.3634994626045227,-0.00995671283453703,0.14138640463352203,0.21168819069862366,-0.46577882766723633,1.249049186706543,0.8732507824897766,-0.01310922484844923,-0.020708657801151276,0.31853875517845154,-0.00867664348334074,0.09343355894088745,0.13629715144634247,-0.0015660980716347694,-0.018017686903476715,0.4444822669029236,-0.009584532119333744,-0.0760052353143692,0.12803258001804352
,,0.06768868863582611,-0.11372248083353043,0.21300631761550903,1.4548625946044922,1.1195493936538696,0.2424381524324417,8.731149137020111e-10,-1.7298589227721095e-09,6.183609366416931e-05,-0.0004212301573716104,-0.007278628647327423,3.0250157578848302e-06,-0.0060094078071415424,0.11007194966077805,0.049918077886104584,0.16309523582458496,0.07667378336191177,0.3683726191520691,-0.01154262013733387,0.14247079193592072,0.21197077631950378,-0.42579054832458496,1.2521135807037354,0.9162402153015137,-0.012498090043663979,-0.02079562097787857,0.31854504346847534,-0.007980642840266228,0.09699644148349762,0.13833557069301605,2.1647661924362183e-05,-0.01814703643321991,0.44442781805992126,-0.00865284726023674,-0.07111041247844696,0.1303228735923767
,,0.06811219453811646,-0.11364513635635376,0.2127096951007843,1.4570952653884888,1.1229352951049805,0.24636738002300262,4.656612873077393e-10,-7.288690540008247e-09,5.8669596910476685e-05,-0.00038517973734997213,-0.007151087746024132,2.7120806862512836e-06,-0.006169809028506279,0.10950366407632828,0.05127842724323273,0.16541187465190887,0.07974059134721756,0.3707803189754486,-0.012298589572310448,0.14299730956554413,0.2121199071407318,-0.4062241315841675,1.2533677816390991,0.9372891783714294,-0.011893817223608494,-0.020875096321105957,0.3185504376888275,-0.007303830701857805,0.10049542039632797,0.14033158123493195,0.0005431380122900009,-0.018185146152973175,0.4444088339805603,-0.008353003300726414,-0.06950833648443222,0.13106998801231384
,,0.06832179427146912,-0.11360574513673782,0.21256396174430847,1.4582011699676514,1.1246038675308228,0.2483072429895401,5.238689482212067e-10,-3.1468516681343317e-09,5.702674388885498e-05,-0.0003677443601191044,-0.007082028780132532,2.563063844718272e-06,-0.006507929880172014,0.10834616422653198,0.05400202050805092,0.1700127273797989,0.08581091463565826,0.37552955746650696,-0.013738101348280907,0.1440219283103943,0.2124319076538086,-0.36805492639541626,1.2553520202636719,0.9783838391304016,-0.011594685725867748,-0.020912058651447296,0.31855282187461853,-0.006972780451178551,0.10221876949071884,0.1413123458623886,0.001060272566974163,-0.018220826983451843,0.4443894624710083,-0.008058509789407253,-0.06792230159044266,0.13180828094482422
,,0.06873603165149689,-0.11352568119764328,0.21227775514125824,1.460389494895935,1.127888560295105,0.2521331310272217,2.0372681319713593e-10,-7.828930392861366e-09,5.395710468292236e-05,-0.00033431785413995385,-0.006933326832950115,2.3395384687319165e-06,-0.006684852298349142,0.10775849223136902,0.05536220222711563,0.17229479551315308,0.0888105258345604,0.37786775827407837,-0.014422333799302578,0.14452087879180908,0.21259404718875885,-0.34949079155921936,1.2560957670211792,0.9983890056610107,-0.011003188788890839,-0.02098085731267929,0.31855693459510803,-0.006325714290142059,0.10560879856348038,0.1432364135980606,0.0020804572850465775,-0.01828540861606598,0.44434964656829834,-0.007485739421099424,-0.06480171531438828,0.1332564651966095
,,0.06894045323133469,-0.11348523199558258,0.21213747560977936,1.4614710807800293,1.1295032501220703,0.25401708483695984,-4.3655745685100555e-10,-4.014509613625705e-09,5.2366405725479126e-05,-0.000318211066769436,-0.006853702012449503,2.19052185457258e-06,-0.007052295375615358,0.10656959563493729,0.05807175114750862,0.17681628465652466,0.094728022813797,0.38246265053749084,-0.015721827745437622,0.14549390971660614,0.2129288911819458,-0.3134859800338745,1.2571223974227905,1.0372281074523926,-0.010421833023428917,-0.021042928099632263,0.31856024265289307,-0.005699296481907368,0.10891749709844589,0.1451069414615631,0.0030800197273492813,-0.01834123581647873,0.4443086087703705,-0.0069348192773759365,-0.061754968017339706,0.13466399908065796
,,0.06934339553117752,-0.11340374499559402,0.21186277270317078,1.463605523109436,1.1326719522476196,0.25772133469581604,2.6193447411060333e-10,4.402863851282746e-09,4.7851353883743286e-05,-0.00027243554359301925,-0.006593660451471806,1.7434738310839748e-06,-0.0074347807094454765,0.10536842048168182,0.06075625866651535,0.18127284944057465,0.10052233189344406,0.38693767786026,-0.016932468861341476,0.14643552899360657,0.2132752239704132,-0.2790696918964386,1.2575851678848267,1.074408769607544,-0.01013538334518671,-0.021071575582027435,0.3185615837574005,-0.005394030828028917,0.11053915321826935,0.14602072536945343,0.0035713687539100647,-0.018366076052188873,0.4442876875400543,-0.006667622365057468,-0.06026124954223633,0.13535146415233612
,,0.06973772495985031,-0.11332191526889801,0.21159623563289642,1.4656983613967896,1.1357550621032715,0.2613338828086853,7.275957614183426e-10,2.8612703317776322e-09,4.636496305465698e-05,-0.0002580998698249459,-0.006499937269836664,1.683866798884992e-06,-0.007630508858710527,0.10476558655500412,0.06208514794707298,0.1834738552570343,0.10336814075708389,0.3891259729862213,-0.01805800572037697,0.14734727144241333,0.21363025903701782,-0.24632665514945984,1.2575455904006958,1.1098382472991943,-0.00957170594483614,-0.021124228835105896,0.31856369972229004,-0.004799771588295698,0.11371275782585144,0.1478026807308197,0.004535900428891182,-0.018409907817840576,0.44424527883529663,-0.006149868946522474,-0.05733708292245865,0.13669174909591675
,,0.06993138790130615,-0.11328105628490448,0.21146619319915771,1.4667274951934814,1.1372625827789307,0.2631029784679413,-2.9103830456733704e-10,-6.716618372593075e-09,4.487484693527222e-05,-0.00024410687910858542,-0.006402631755918264,1.5348512079071952e-06,-0.008028498850762844,0.10355985909700394,0.06470808386802673,0.18781468272209167,0.10894694924354553,0.3933955729007721,-0.01859004609286785,0.14779213070869446,0.2138100415468216,-0.23060235381126404,1.2573567628860474,1.1268739700317383,-0.009294829331338406,-0.021148353815078735,0.3185644745826721,-0.004510984290391207,0.11526293307542801,0.14866960048675537,0.0050085121765732765,-0.018429070711135864,0.4442238211631775,-0.005899406038224697,-0.05590828135609627,0.13734357059001923
,,0.07031114399433136,-0.11319981515407562,0.2112129032611847,1.468747854232788,1.1402050256729126,0.2665609121322632,6.693881005048752e-10,5.0258677219972014e-09,4.201754927635193e-05,-0.00021725345868617296,-0.006197533570230007,1.326228812104091e-06,-0.008229764178395271,0.10295889526605606,0.0659988671541214,0.18995201587677002,0.11167581379413605,0.39547330141067505,-0.01910225860774517,0.14822964370250702,0.2139909714460373,-0.2153175175189972,1.2570656538009644,1.143447756767273,-0.009021474048495293,-0.02117108553647995,0.3185650706291199,-0.00422795070335269,0.11678754538297653,0.1495198756456375,0.005933083593845367,-0.018462225794792175,0.44418054819107056,-0.00541562307626009,-0.05312107875943184,0.13860881328582764
,,0.07049702107906342,-0.11315950006246567,0.21108967065811157,1.4697377681732178,1.1416383981704712,0.26824748516082764,-1.4551915228366852e-09,4.80486050946638e-09,4.0549784898757935e-05,-0.00020453979959711432,-0.006089674308896065,1.2070164530086913e-06,-0.008431839756667614,0.10236057639122009,0.06727373600006104,0.19206561148166656,0.11436130106449127,0.397510826587677,-0.020068950951099396,0.14908261597156525,0.21435460448265076,-0.1860804408788681,1.2562073469161987,1.1751909255981445,-0.008485963568091393,-0.021212391555309296,0.3185657560825348,-0.00367933651432395,0.11975658684968948,0.15116792917251587,0.006384515203535557,-0.01847635954618454,0.4441588521003723,-0.005182309541851282,-0.05176424980163574,0.13922129571437836
,,0.07086029648780823,-0.11307993531227112,0.21085065603256226,1.4716733694076538,1.1444251537322998,0.27152979373931885,1.1641532182693481e-10,-1.5761543181724846e-09,3.781169652938843e-05,-0.00018023565644398332,-0.0058633675798773766,1.043099246089696e-06,-0.008836372755467892,0.10117553919553757,0.06976903229951859,0.1962163746356964,0.11959472298622131,0.4014575481414795,-0.020524317398667336,0.1494978666305542,0.2145366370677948,-0.17213302850723267,1.2556551694869995,1.1903533935546875,-0.00822414644062519,-0.021231114864349365,0.31856587529182434,-0.003413993399590254,0.12119926512241364,0.15196460485458374,0.006828330457210541,-0.018488988280296326,0.4441371560096741,-0.004954813979566097,-0.05043303966522217,0.13981975615024567
,,0.07103745639324188,-0.11304083466529846,0.21073491871356964,1.4726176261901855,1.1457769870758057,0.2731230854988098,2.3283064365386963e-10,2.2569111024495214e-09,3.643333911895752e-05,-0.00016875324945431203,-0.005744882859289646,8.791830055088212e-07,-0.009237903170287609,0.10001271218061447,0.072180837392807,0.20025621354579926,0.1246306374669075,0.40522220730781555,-0.021381160244345665,0.15030525624752045,0.21489936113357544,-0.14558564126491547,1.2543421983718872,1.2192500829696655,-0.007713189348578453,-0.021264836192131042,0.3185656666755676,-0.002901763189584017,0.1239965483546257,0.15350055694580078,0.007692059502005577,-0.01850993186235428,0.44409388303756714,-0.004517391324043274,-0.0478505939245224,0.1409730613231659
,,0.07138232886791229,-0.1129641905426979,0.21051128208637238,1.4744551181793213,1.1483933925628662,0.276207834482193,-1.5133991837501526e-09,1.0527401173021644e-09,3.372505307197571e-05,-0.000146812031744048,-0.005497381091117859,7.301679261217942e-07,-0.009436184540390968,0.09944212436676025,0.07335135340690613,0.2022312581539154,0.12706929445266724,0.40703168511390686,-0.02178337797522545,0.1506970226764679,0.2150793969631195,-0.13298523426055908,1.2535957098007202,1.2329823970794678,-0.007464395835995674,-0.021279960870742798,0.31856536865234375,-0.0026550977490842342,0.12534941732883453,0.15423861145973206,0.008522081188857555,-0.01852569729089737,0.444051057100296,-0.004103743936866522,-0.04538010433316231,0.14206521213054657
,,0.071713887155056,-0.11289023607969284,0.21029849350452423,1.4762194156646729,1.1508876085281372,0.279148131608963,4.3655745685100555e-10,-5.787114787381142e-09,2.987310290336609e-05,-0.00011673740664264187,-0.005099557805806398,5.66251458167244e-07,-0.010014778934419155,0.09778553247451782,0.07670177519321442,0.20796023309230804,0.13404418528079987,0.4121483564376831,-0.023225465789437294,0.15217866003513336,0.2157820463180542,-0.0870344415307045,1.2501730918884277,1.2831546068191528,-0.006517487578094006,-0.021329782903194427,0.3185630440711975,-0.0017343023791909218,0.13043533265590668,0.1569792628288269,0.009699199348688126,-0.018540851771831512,0.44398826360702515,-0.0035288750659674406,-0.04189813509583473,0.14358198642730713
,,0.07203125953674316,-0.11281940340995789,0.21009710431098938,1.477903962135315,1.1532535552978516,0.2819339632987976,5.675246939063072e-10,-1.1050360626541078e-10,2.8621405363082886e-05,-0.00010752712842077017,-0.004959871526807547,5.066457902103139e-07,-0.010381489060819149,0.09673713147640228,0.07878489047288895,0.21160238981246948,0.13838906586170197,0.41528159379959106,-0.02354566939175129,0.15252642333507538,0.21595162153244019,-0.07664745301008224,1.2492414712905884,1.2945152521133423,-0.006075264886021614,-0.02134888619184494,0.3185613751411438,-0.0013150055892765522,0.13277073204517365,0.15821456909179688,0.010435548610985279,-0.018546171486377716,0.4439479112625122,-0.003176577854901552,-0.03973524644970894,0.14450703561306
,,0.07247896492481232,-0.11272024363279343,0.20981745421886444,1.480266809463501,1.1565474271774292,0.2858002483844757,-1.4551915228366852e-10,-1.0418261808808893e-09,2.4884939193725586e-05,-8.227668877225369e-05,-0.004519603215157986,3.5763150663115084e-07,-0.010727928020060062,0.09574270993471146,0.08073282241821289,0.21508990228176117,0.14247038960456848,0.4181762933731079,-0.024139463901519775,0.1531924456357956,0.21628105640411377,-0.05717317387461662,1.2473315000534058,1.315832495689392,-0.005655650049448013,-0.02136460691690445,0.3185594379901886,-0.0009243805543519557,0.1349584013223648,0.1593540757894516,0.011130599305033684,-0.018548332154750824,0.4439091086387634,-0.002849561395123601,-0.037706587463617325,0.14535939693450928
,,0.0726201981306076,-0.11268934607505798,0.20973049104213715,1.4810073375701904,1.157573938369751,0.2870004177093506,1.1641532182693481e-10,3.496097633615136e-09,2.2590160369873047e-05,-6.731048051733524e-05,-0.004208249039947987,1.9371680082258536e-07,-0.01104988157749176,0.09480997920036316,0.08253294229507446,0.21841181814670563,0.14627201855182648,0.42081812024116516,-0.02467219904065132,0.15381692349910736,0.21659520268440247,-0.03940943256020546,1.2453991174697876,1.3352935314178467,-0.0052599068731069565,-0.021377280354499817,0.31855738162994385,-0.0005634184926748276,0.13699135184288025,0.1603931337594986,0.011782225221395493,-0.01854795217514038,0.44387221336364746,-0.002548296470195055,-0.035818569362163544,0.146135613322258
,,0.07289004325866699,-0.1126311868429184,0.20956629514694214,1.482412576675415,1.1595152616500854,0.2892599105834961,7.712515071034431e-10,1.972239260794595e-09,2.1424144506454468e-05,-6.0407372075133026e-05,-0.004047289490699768,2.08617962016433e-07,-0.0113432127982378,0.09394638240337372,0.08417284488677979,0.22155673801898956,0.1497771441936493,0.4231937527656555,-0.025145169347524643,0.1543968766927719,0.2168913036584854,-0.023328883573412895,1.2434899806976318,1.3529189825057983,-0.005071408115327358,-0.02138260006904602,0.3185563087463379,-0.0003943406045436859,0.13794758915901184,0.16087371110916138,0.012091066688299179,-0.01854700595140457,0.44385457038879395,-0.0024074427783489227,-0.03492923825979233,0.14649423956871033
,,0.07314237207174301,-0.11257826536893845,0.20941554009914398,1.4837112426757812,1.161301612854004,0.29132285714149475,7.566995918750763e-10,4.98357621836476e-09,1.9125640392303467e-05,-4.77877001685556e-05,-0.0037146860267966986,1.1921009956950002e-07,-0.011477803811430931,0.09354282170534134,0.08492900431156158,0.2230595052242279,0.15141306817531586,0.4242769181728363,-0.025359446182847023,0.15466928482055664,0.21703176200389862,-0.01591244339942932,1.2425575256347656,1.3610483407974243,-0.004889365751296282,-0.0213872492313385,0.31855523586273193,-0.0002330616262042895,0.13886253535747528,0.16132749617099762,0.012388241477310658,-0.018545590341091156,0.44383755326271057,-0.00227322056889534,-0.034077487885951996,0.14683251082897186
,,0.07326170057058334,-0.1125539243221283,0.20934531092643738,1.4843186140060425,1.1621348857879639,0.292277455329895,-5.675246939063072e-10,2.729848347371444e-09,1.8037855625152588e-05,-4.205694131087512e-05,-0.0035431315191090107,1.3411130339591182e-07,-0.011603791266679764,0.09315918385982513,0.085640549659729,0.22451379895210266,0.15296895802021027,0.4252885580062866,-0.02574414387345314,0.15517689287662506,0.21729569137096405,-0.002310307929292321,1.2407628297805786,1.3759530782699585,-0.004545335657894611,-0.02139485627412796,0.31855306029319763,6.575695442734286e-05,0.1405649185180664,0.16215284168720245,0.012946483679115772,-0.01854180544614792,0.44380539655685425,-0.0020247572101652622,-0.03248980641365051,0.14744685590267181
,,0.07348617166280746,-0.11250987648963928,0.20921556651592255,1.4854447841644287,1.1636768579483032,0.29402613639831543,1.0913936421275139e-09,-2.2737367544323206e-12,1.580268144607544e-05,-3.171199205098674e-05,-0.003189197275787592,1.0430865415855806e-07,-0.011924785561859608,0.09213661402463913,0.08749336004257202,0.22857306897640228,0.1571328192949295,0.42787474393844604,-0.026070520281791687,0.15563225746154785,0.21753498911857605,0.009665925055742264,1.239093542098999,1.3890618085861206,-0.004229115322232246,-0.02140045166015625,0.3185509741306305,0.0003321488038636744,0.14209145307540894,0.16286471486091614,0.013689527288079262,-0.018534772098064423,0.4437626004219055,-0.0017028672154992819,-0.030409954488277435,0.1482061892747879
,,0.07369096577167511,-0.11247234046459198,0.20910051465034485,1.4864476919174194,1.165047526359558,0.2955525517463684,-1.673470251262188e-09,1.5010073184384964e-09,1.3705343008041382e-05,-2.292456520081032e-05,-0.002821105532348156,-1.4901221589980196e-08,-0.012086854316294193,0.09156972914934158,0.08847939968109131,0.23101264238357544,0.1594683974981308,0.42920851707458496,-0.026338698342442513,0.15603218972682953,0.21774694323539734,0.020032059401273727,1.2375857830047607,1.4003839492797852,-0.003942023031413555,-0.02140437811613083,0.3185490369796753,0.0005652271793223917,0.14343507587909698,0.1634586751461029,0.013910962268710136,-0.018532343208789825,0.44374996423721313,-0.0016093129524961114,-0.029800351709127426,0.1484145075082779
,,0.0738753080368042,-0.11244191974401474,0.20900066196918488,1.487321138381958,1.1662400960922241,0.2968464195728302,5.820766091346741e-11,7.838650617486564e-09,1.1593103408813477e-05,-1.568196421430912e-05,-0.002438765252009034,-2.9802407652823604e-08,-0.012150992639362812,0.09132298082113266,0.0888935774564743,0.2321484088897705,0.16049756109714508,0.42975324392318726,-0.026450933888554573,0.15621034801006317,0.2178419828414917,0.024614820256829262,1.2369030714035034,1.4053764343261719,-0.003685346804559231,-0.02140696346759796,0.3185473382472992,0.0007641316042281687,0.14458870887756348,0.16393041610717773,0.014312874525785446,-0.018527761101722717,0.4437273144721985,-0.0014431409072130919,-0.028711389750242233,0.14876125752925873
,,0.07403828203678131,-0.1124190092086792,0.20891642570495605,1.4880590438842773,1.167248010635376,0.2978983223438263,-9.240466170012951e-10,9.582691973264446e-09,9.529292583465576e-06,-9.862735169008374e-06,-0.002042223233729601,5.960477267308306e-08,-0.012243431992828846,0.09090621769428253,0.08955743908882141,0.23424535989761353,0.16226813197135925,0.43059030175209045,-0.026631541550159454,0.1565209925174713,0.21800854802131653,0.03258310630917549,1.2356992959976196,1.4140231609344482,-0.00356882531195879,-0.0214078351855278,0.3185465633869171,0.0008505230653099716,0.14509212970733643,0.16411928832530975,0.01465834490954876,-0.018523968756198883,0.4437083303928375,-0.0013051640707999468,-0.02780146151781082,0.14901256561279297
,,0.07411148399114609,-0.11241057515144348,0.20888034999370575,1.4883755445480347,1.1676807403564453,0.2983304560184479,-4.3655745685100555e-10,-3.3574565350136254e-10,8.560717105865479e-06,-7.605070095451083e-06,-0.0018386064330115914,2.9802372125686816e-08,-0.012285559438169003,0.09059597551822662,0.08999351412057877,0.23610125482082367,0.16364029049873352,0.4310799837112427,-0.026753254234790802,0.15676818788051605,0.21814201772212982,0.03895445540547371,1.2347347736358643,1.4208793640136719,-0.003360239788889885,-0.021408967673778534,0.31854528188705444,0.0009967612568289042,0.14594754576683044,0.16439980268478394,0.014809228479862213,-0.018522515892982483,0.4437003433704376,-0.00124681880697608,-0.027415670454502106,0.14910128712654114
,,0.07424081116914749,-0.11239995807409286,0.20882059633731842,1.4888997077941895,1.1683988571166992,0.2990015745162964,-5.093170329928398e-11,1.0275797990288993e-08,6.5267086029052734e-06,-4.231629191053798e-06,-0.0014207055792212486,-1.4901173628345532e-08,-0.012286938726902008,0.090482197701931,0.09012305736541748,0.2369358241558075,0.16417163610458374,0.4311909079551697,-0.026791853830218315,0.1568669080734253,0.21819566190242767,0.04153881594538689,1.2343502044677734,1.4236316680908203,-0.0032685091719031334,-0.021409325301647186,0.31854474544525146,0.0010564272524788976,0.14629779756069183,0.16449053585529327,0.015065925195813179,-0.018520906567573547,0.443687379360199,-0.001151669304817915,-0.026786500588059425,0.14920292794704437
,,0.07429666072130203,-0.1123979240655899,0.20879697799682617,1.489106297492981,1.1686828136444092,0.29923826456069946,1.964508555829525e-10,7.736545626357838e-09,5.5283308029174805e-06,-3.131644234599662e-06,-0.0012064097682014108,-1.1920936060505483e-07,-0.01224864274263382,0.0903397724032402,0.09019912779331207,0.23841193318367004,0.16491372883319855,0.43113622069358826,-0.02682400681078434,0.1570127308368683,0.21827557682991028,0.04549563303589821,1.233791708946228,1.4277703762054443,-0.003110975958406925,-0.021409720182418823,0.318543940782547,0.0011484830174595118,0.14683897793293,0.16457010805606842,0.01517119538038969,-0.018520839512348175,0.4436825215816498,-0.001114891143515706,-0.026544686406850815,0.14921514689922333
,,0.07440529763698578,-0.11235074698925018,0.20876845717430115,1.489364743232727,1.169079065322876,0.2994382083415985,7.385096978396177e-10,8.900471470951743e-09,-1.3820827007293701e-05,1.35343725560233e-06,-0.0007056418689899147,2.980233304583635e-08,-0.012187362648546696,0.09037110209465027,0.09007489681243896,0.2389005869626999,0.1651376634836197,0.4308706521987915,-0.026792209595441818,0.15711238980293274,0.21830421686172485,0.04679004102945328,1.2336323261260986,1.4290308952331543,-0.0030296379700303078,-0.021354958415031433,0.31854796409606934,0.00117730931378901,0.1470130980014801,0.1645229607820511,0.015384288504719734,-0.0183066725730896,0.44369786977767944,-0.001080130459740758,-0.026266779750585556,0.14901071786880493
,,0.07448509335517883,-0.11220936477184296,0.20877979695796967,1.4893019199371338,1.1691420078277588,0.29923176765441895,4.547473508864641e-10,2.963531642308226e-09,-6.276741623878479e-05,1.0801383723446634e-05,-0.0003121715853922069,4.470348358154297e-08,-0.01190782431513071,0.09086080640554428,0.08925870060920715,0.2387758195400238,0.16530711948871613,0.42949241399765015,-0.026544438675045967,0.15756163001060486,0.21836036443710327,0.04745154455304146,1.2336279153823853,1.4291590452194214,-0.002821016125380993,-0.020924262702465057,0.3185977637767792,0.0011744801886379719,0.1470508873462677,0.16412116587162018,0.015489144250750542,-0.01804250478744507,0.44373244047164917,-0.0010924224043264985,-0.026274943724274635,0.14876173436641693
,,0.07469036430120468,-0.11166652292013168,0.20889317989349365,1.4885045289993286,1.1688812971115112,0.2979334592819214,1.0550138540565968e-09,1.8992523109773174e-09,-0.000325717031955719,6.247445708140731e-05,0.0012895840918645263,1.0430821362206188e-07,-0.011447458527982235,0.0918794572353363,0.08775705099105835,0.23719024658203125,0.16499897837638855,0.4270413815975189,-0.026078905910253525,0.1583116501569748,0.2184368222951889,0.045022428035736084,1.234093427658081,1.4255300760269165,-0.0025964537635445595,-0.020083323121070862,0.31873446702957153,0.0010661373380571604,0.146563321352005,0.16333265602588654,0.015653548762202263,-0.0172123983502388,0.443878173828125,-0.0011921379482373595,-0.026665031909942627,0.1479915976524353
,,0.074808768928051,-0.11127444356679916,0.20900499820709229,1.487694501876831,1.1685312986373901,0.29678282141685486,2.9103830456733704e-11,2.302613211213611e-09,-0.00043540075421333313,8.445053390460089e-05,0.0019062297651544213,1.937154507913874e-07,-0.011159793473780155,0.09256984293460846,0.08677219599485397,0.23586103320121765,0.16463971138000488,0.4254377484321594,-0.025773361325263977,0.1587897688150406,0.21848806738853455,0.04252517223358154,1.23450767993927,1.4221795797348022,-0.002490006387233734,-0.01951584964990616,0.31884244084358215,0.0009667372214607894,0.14609655737876892,0.16280393302440643,0.015722177922725677,-0.015997104346752167,0.44414252042770386,-0.0014035766944289207,-0.02761421911418438,0.14688998460769653
,,0.07506346702575684,-0.11026903241872787,0.20935282111167908,1.4851338863372803,1.167360544204712,0.2933979034423828,1.3096723705530167e-10,-2.042725100181997e-09,-0.0005500204861164093,0.00010780782758956775,0.002543868264183402,2.4586992708464095e-07,-0.010839177295565605,0.09337080270051956,0.08564235270023346,0.23418369889259338,0.16413502395153046,0.42359620332717896,-0.02542341686785221,0.15933239459991455,0.21854960918426514,0.03913213685154915,1.2350397109985352,1.4177676439285278,-0.0023040473461151123,-0.01810041069984436,0.31914377212524414,0.0006721988902427256,0.14469082653522491,0.16150212287902832,0.015711858868598938,-0.015251405537128448,0.444321870803833,-0.001553323119878769,-0.028311138972640038,0.14622783660888672
,,0.07519558072090149,-0.10966254025697708,0.20959118008613586,1.48335862159729,1.1665360927581787,0.2911519408226013,-4.802132025361061e-10,-2.504293661331758e-09,-0.0006668120622634888,0.0001319122384302318,0.0031939323525875807,3.7998157154106593e-07,-0.010115089826285839,0.09527188539505005,0.08297750353813171,0.22981974482536316,0.16267363727092743,0.4192468225955963,-0.024601513519883156,0.1606002151966095,0.21870633959770203,0.02958686463534832,1.2364333868026733,1.4057071208953857,-0.0022286903113126755,-0.0172579362988472,0.3193376064300537,0.00047646649181842804,0.14374735951423645,0.16074003279209137,0.015668833628296852,-0.014417111873626709,0.4445328712463379,-0.001732675707899034,-0.029159244149923325,0.1454988718032837
,,0.07532859593629837,-0.10899098962545395,0.2098727524280548,1.4812464714050293,1.1655528545379639,0.28853827714920044,-2.1827872842550278e-10,1.3742464943788946e-09,-0.0008983910083770752,0.00018121980247087777,0.004505261778831482,8.344734396814601e-07,-0.009719633497297764,0.09635502845048904,0.08145713806152344,0.22715304791927338,0.1617128700017929,0.41676321625709534,-0.024134721606969833,0.16132044792175293,0.21880194544792175,0.0234113410115242,1.2372784614562988,1.3980474472045898,-0.0021670786663889885,-0.016329191625118256,0.31955966353416443,0.00024863146245479584,0.14264294505119324,0.15991157293319702,0.015591690316796303,-0.0134967640042305,0.444774866104126,-0.0019414303824305534,-0.030159037560224533,0.14470891654491425
,,0.07559195160865784,-0.10746362805366516,0.21056288480758667,1.4760171175003052,1.163120150566101,0.2822367548942566,-1.6007106751203537e-10,5.378751666285098e-09,-0.0010097995400428772,0.00020591935026459396,0.005156638100743294,9.685883242127602e-07,-0.009307149797677994,0.09751492738723755,0.07982076704502106,0.2241775244474411,0.16059699654579163,0.41409045457839966,-0.0236339271068573,0.1620951145887375,0.21890884637832642,0.01629217341542244,1.238208293914795,1.3893024921417236,-0.0021202880889177322,-0.015316992998123169,0.3198090195655823,-1.0814517736434937e-05,0.14137859642505646,0.15902256965637207,0.015331584960222244,-0.011408455669879913,0.4453476071357727,-0.0024450859054923058,-0.03261005878448486,0.14296957850456238
,,0.07572014629840851,-0.10661283880472183,0.21096904575824738,1.4729112386703491,1.1616770029067993,0.27857163548469543,9.89530235528946e-10,5.331457941792905e-09,-0.0011165104806423187,0.00023003526439424604,0.005800269078463316,1.3634792139782803e-06,-0.008881633169949055,0.09874273091554642,0.07807548344135284,0.22090497612953186,0.15932630002498627,0.411241739988327,-0.02253940887749195,0.16379907727241516,0.2191552221775055,-0.0007877647876739502,1.2402726411819458,1.3685773611068726,-0.0020741503685712814,-0.013053126633167267,0.32038459181785583,-0.0006212257430888712,0.13837820291519165,0.15708841383457184,0.015147734433412552,-0.010245725512504578,0.4456753730773926,-0.0027384778950363398,-0.0340576171875,0.14203229546546936
,,0.07596509158611298,-0.10474893450737,0.21189476549625397,1.4657648801803589,1.1583571434020996,0.2702867388725281,4.656612873077393e-10,1.255102688446641e-10,-0.0013120360672473907,0.0002765012322925031,0.007053309585899115,1.8254377209814265e-06,-0.008006916381418705,0.1013663187623024,0.07428596913814545,0.21351590752601624,0.15632280707359314,0.4050683379173279,-0.02194990962743759,0.16472405195236206,0.21929343044757843,-0.01074826717376709,1.2413791418075562,1.3566136360168457,-0.0020758463069796562,-0.011807002127170563,0.3207075893878937,-0.0009701942908577621,0.1366477906703949,0.1560557335615158,0.01467207446694374,-0.0076964497566223145,0.44640451669692993,-0.003403476206585765,-0.037383340299129486,0.1400536298751831
,,0.07608050107955933,-0.10374012589454651,0.21241025626659393,1.46174955368042,1.1564891338348389,0.2657026946544647,1.1641532182693481e-10,3.508830559439957e-09,-0.0013994015753269196,0.0002985483151860535,0.007658475544303656,2.3544521354779135e-06,-0.007565478794276714,0.10274437069892883,0.07225596904754639,0.2094244509935379,0.15459278225898743,0.401770681142807,-0.021335003897547722,0.16569487750530243,0.21944066882133484,-0.021652469411492348,1.242515206336975,1.3435970544815063,-0.0020945314317941666,-0.010488525032997131,0.3210516571998596,-0.0013468009419739246,0.13476848602294922,0.1549881100654602,0.014380648732185364,-0.006315357983112335,0.44680166244506836,-0.0037728920578956604,-0.039254628121852875,0.13902433216571808
,,0.07619038224220276,-0.10268297791481018,0.21295778453350067,1.457458257675171,1.15448796749115,0.2608495354652405,8.731149137020111e-11,4.7593857743777335e-09,-0.0014789626002311707,0.00031955548911355436,0.00824720412492752,2.615242692627362e-06,-0.006692978553473949,0.10558938980102539,0.06796178966760635,0.20051077008247375,0.15068571269512177,0.3948196470737457,-0.020036421716213226,0.16776560246944427,0.21975857019424438,-0.046270642429590225,1.2448103427886963,1.3144603967666626,-0.0021836180239915848,-0.007645905017852783,0.3217947781085968,-0.0021777485962957144,0.13057930767536163,0.15277260541915894,0.014053961262106895,-0.004867039620876312,0.44721752405166626,-0.004165306221693754,-0.04125984385609627,0.1379767507314682
,,0.07629425823688507,-0.10157952457666397,0.2135348916053772,1.452906847000122,1.1523585319519043,0.2557481527328491,-4.94765117764473e-10,3.637978807091713e-10,-0.0016135461628437042,0.00035828110412694514,0.009370154701173306,3.3007522688421886e-06,-0.006269196979701519,0.10703950375318527,0.0657125785946846,0.19571466743946075,0.14851383864879608,0.39119312167167664,-0.019356362521648407,0.16886116564273834,0.21992729604244232,-0.059968288987874985,1.2459355592727661,1.2983735799789429,-0.0022542234510183334,-0.006127573549747467,0.3221895694732666,-0.0026293389964848757,0.12827837467193604,0.15163752436637878,0.013692531734704971,-0.003354273736476898,0.4476497769355774,-0.004579450003802776,-0.043394580483436584,0.13691674172878265
,,0.07648243755102158,-0.09924191981554031,0.2147676944732666,1.443089485168457,1.1477324962615967,0.2448844164609909,2.0372681319713593e-10,4.443791112862527e-09,-0.0016680099070072174,0.00037588507984764874,0.009902304038405418,3.740374722838169e-06,-0.005858288146555424,0.10849719494581223,0.06340543925762177,0.19070975482463837,0.14620013535022736,0.3874834477901459,-0.018658027052879333,0.16999393701553345,0.2201012223958969,-0.07457724213600159,1.247022032737732,1.28130042552948,-0.002342237625271082,-0.004548519849777222,0.32259687781333923,-0.0031031272374093533,0.12584613263607025,0.1504926234483719,0.012867767363786697,-0.00014711171388626099,0.4485534131526947,-0.0054677692241966724,-0.04803493991494179,0.1347832828760147
,,0.07656601071357727,-0.09801183640956879,0.21541815996170044,1.4378578662872314,1.14524507522583,0.2391650676727295,-8.149072527885437e-10,-4.129105946049094e-10,-0.0017136894166469574,0.00039213441777974367,0.010413515381515026,4.098041699762689e-06,-0.0054635703563690186,0.10995471477508545,0.06104825809597969,0.18550899624824524,0.14374792575836182,0.38370364904403687,-0.017212865874171257,0.17236174643039703,0.22046011686325073,-0.10646748542785645,1.2490077018737793,1.2442892789840698,-0.0025704018771648407,-0.0012203603982925415,0.32343989610671997,-0.004111402202397585,0.12060817331075668,0.14819706976413727,0.012405820190906525,0.0015413165092468262,0.4490198791027069,-0.005939290393143892,-0.05053096264600754,0.13372117280960083
,,0.0767107754945755,-0.09543948620557785,0.21677371859550476,1.4268361330032349,1.139945387840271,0.22725918889045715,4.0745362639427185e-10,-6.093614501878619e-10,-0.001778680831193924,0.0004207152232993394,0.011370612308382988,4.783581061928999e-06,-0.004406604915857315,0.11425521969795227,0.0537562221288681,0.16886445879936218,0.13559755682945251,0.3720695972442627,-0.015712693333625793,0.17485016584396362,0.22082652151584625,-0.1417834609746933,1.2506226301193237,1.2036502361297607,-0.0028673745691776276,0.0023139119148254395,0.32430562376976013,-0.005190798081457615,0.11490808427333832,0.14593252539634705,0.010831217281520367,0.0069091469049453735,0.4504481256008148,-0.007447266951203346,-0.05866100266575813,0.1306184083223343
,,0.07686876505613327,-0.09133206307888031,0.2189038246870041,1.4091697931289673,1.1312551498413086,0.2085486650466919,-3.4924596548080444e-10,8.45102476887405e-09,-0.0018111541867256165,0.00045330540160648525,0.012632148340344429,5.655442237184616e-06,-0.003834908828139305,0.11699829995632172,0.04879249632358551,0.15703031420707703,0.12954595685005188,0.36418941617012024,-0.01416795328259468,0.177438884973526,0.22119176387786865,-0.18030518293380737,1.2517237663269043,1.1596654653549194,-0.003231935203075409,0.006028689444065094,0.3251761198043823,-0.006329606752842665,0.10879126191139221,0.14374211430549622,0.01024640817195177,0.008788585662841797,0.4509257376194,-0.007976667024195194,-0.061566971242427826,0.12962858378887177
,,0.07690505683422089,-0.08990524709224701,0.2196291983127594,1.4030470848083496,1.128180980682373,0.2021659016609192,-8.731149137020111e-10,-8.840288501232862e-10,-0.0018052831292152405,0.00046136282617226243,0.013003893196582794,5.968419372948119e-06,-0.0035958290100097656,0.1183161586523056,0.04630446434020996,0.1509310007095337,0.12634927034378052,0.36024659872055054,-0.013381803408265114,0.1787641942501068,0.2213713377714157,-0.20068016648292542,1.252038598060608,1.1365247964859009,-0.00366231519728899,0.009897567331790924,0.32603418827056885,-0.007516380399465561,0.10230553895235062,0.1416649967432022,0.00899274367839098,0.012662865221500397,0.4518691897392273,-0.00906785111874342,-0.06763895601034164,0.12774328887462616
,,0.07693299651145935,-0.08845333755016327,0.22035802900791168,1.396835207939148,1.1250263452529907,0.19574199616909027,5.820766091346741e-11,-8.161805453710258e-09,-0.0017698630690574646,0.00047359897871501744,0.013671032153069973,6.415549705707235e-06,-0.0032201502472162247,0.12082206457853317,0.041356489062309265,0.13843154907226562,0.11964117735624313,0.3524090051651001,-0.011787316761910915,0.18146251142024994,0.221719428896904,-0.24343907833099365,1.2521171569824219,1.0882012844085693,-0.003901483491063118,0.011881321668624878,0.3264535069465637,-0.008124304935336113,0.09893988817930222,0.14067965745925903,0.008326046168804169,0.014650888741016388,0.45233070850372314,-0.009627148509025574,-0.07079318165779114,0.12685564160346985
,,0.07696355134248734,-0.08548365533351898,0.2218162566423416,1.3842061758041382,1.1184983253479004,0.18284276127815247,2.3283064365386963e-10,2.750311978161335e-09,-0.0017409436404705048,0.00047780945897102356,0.013965465128421783,6.616761766053969e-06,-0.003086339682340622,0.12200289964675903,0.0389123409986496,0.13205669820308685,0.11614136397838593,0.3485342860221863,-0.010980946943163872,0.1828296184539795,0.22188614308834076,-0.2657213807106018,1.2518514394760132,1.0631330013275146,-0.004156216513365507,0.013893336057662964,0.32686376571655273,-0.008740175515413284,0.09550093859434128,0.13973523676395416,0.006918619386851788,0.018711231648921967,0.45322275161743164,-0.010767207480967045,-0.0773075595498085,0.12520883977413177
,,0.07696612179279327,-0.08397064357995987,0.22254103422164917,1.377819299697876,1.1151360273361206,0.1764010637998581,-6.402842700481415e-10,-1.3023964129388332e-09,-0.001705113798379898,0.0004805315693374723,0.014233240857720375,6.780714556953171e-06,-0.0029318146407604218,0.1242065280675888,0.034121811389923096,0.11911945790052414,0.10888230800628662,0.3409190773963928,-0.009354609996080399,0.1855846345424652,0.22220072150230408,-0.311800479888916,1.2506457567214966,1.011504054069519,-0.004710832145065069,0.01798810064792633,0.32765015959739685,-0.00999047514051199,0.08842940628528595,0.13798214495182037,0.00618035439401865,0.020776402205228806,0.4536495804786682,-0.01134562212973833,-0.0806553065776825,0.12445567548274994
,,0.07694581151008606,-0.08090080320835114,0.2239709198474884,1.3649719953536987,1.1082438230514526,0.16361117362976074,1.7462298274040222e-10,-3.838067641481757e-10,-0.001614067703485489,0.000482540373923257,0.014687390066683292,7.011751677055145e-06,-0.002912113443017006,0.1252252757549286,0.031789883971214294,0.11258120834827423,0.10513626784086227,0.337195485830307,-0.008536419831216335,0.1869661509990692,0.2223471999168396,-0.3354688882827759,1.24968421459198,0.9850828051567078,-0.005009850487112999,0.020063605159521103,0.3280230760574341,-0.010622488334774971,0.08481020480394363,0.13717930018901825,0.004641203209757805,0.024958357214927673,0.45445626974105835,-0.012513808906078339,-0.08749982714653015,0.12310250103473663
,,0.07692301273345947,-0.0793490782380104,0.22467197477817535,1.358538269996643,1.10472571849823,0.15729106962680817,-2.9103830456733704e-10,-7.457856554538012e-11,-0.0015596970915794373,0.0004817244771402329,0.014873065985739231,7.130994163162541e-06,-0.0029886430129408836,0.12709122896194458,0.027286186814308167,0.09942613542079926,0.09744657576084137,0.32995498180389404,-0.006894510239362717,0.18972112238407135,0.22261542081832886,-0.38371455669403076,1.2470030784606934,0.9314009547233582,-0.005648900289088488,0.02425285428762436,0.3287211060523987,-0.011894294060766697,0.07743918150663376,0.13573309779167175,0.0030278246849775314,0.029184427112340927,0.45519042015075684,-0.013690147548913956,-0.09449965506792068,0.12196630984544754
,,0.07685248553752899,-0.07622524350881577,0.22603678703308105,1.3457123041152954,1.097577691078186,0.14486396312713623,1.862645149230957e-09,-7.479684427380562e-09,-0.0014357008039951324,0.00047693937085568905,0.015160356648266315,7.2353450377704576e-06,-0.003217062447220087,0.12872646749019623,0.023035846650600433,0.08624370396137238,0.08954256027936935,0.32303404808044434,-0.0052513238042593,0.19244347512722015,0.222847580909729,-0.43267953395843506,1.2432777881622314,0.8771211504936218,-0.006338927894830704,0.028468430042266846,0.32934731245040894,-0.013169126585125923,0.0699375569820404,0.13451075553894043,0.002196953631937504,0.031304601579904556,0.455527126789093,-0.014278915710747242,-0.09804124385118484,0.12148286402225494
,,0.07674930989742279,-0.07309234887361526,0.2273409068584442,1.3330168724060059,1.090322494506836,0.1327938586473465,8.149072527885437e-10,-8.36735125631094e-10,-0.0012945234775543213,0.00046816805843263865,0.015334400348365307,7.175753125920892e-06,-0.003386305645108223,0.12945866584777832,0.02101893350481987,0.07967106997966766,0.08552967011928558,0.3197079300880432,-0.00443161278963089,0.1937842071056366,0.2229493111371994,-0.45724302530288696,1.2410187721252441,0.849955141544342,-0.00707494979724288,0.03268049657344818,0.32989391684532166,-0.01443864218890667,0.06236158311367035,0.13352034986019135,0.0004945537075400352,0.035540059208869934,0.4561348557472229,-0.015452961437404156,-0.10517444461584091,0.12068867683410645
,,0.076685830950737,-0.07152952998876572,0.22796642780303955,1.3267441987991333,1.0866714715957642,0.1269165277481079,1.1641532182693481e-10,7.514245226047933e-09,-0.0012187957763671875,0.0004624070425052196,0.015378659591078758,7.138499313441571e-06,-0.003828609362244606,0.13075798749923706,0.017223160713911057,0.06661872565746307,0.07742160558700562,0.31334832310676575,-0.002801261842250824,0.19640879333019257,0.2231229841709137,-0.506153404712677,1.2357177734375,0.7959659695625305,-0.007458479609340429,0.03477586805820465,0.3301355242729187,-0.015068958513438702,0.05856338143348694,0.13311292231082916,-0.00037376396358013153,0.037647709250450134,0.45640432834625244,-0.01603647693991661,-0.10875263810157776,0.1203780546784401
,,0.07653572410345078,-0.06842520833015442,0.22915825247764587,1.3143951892852783,1.0793561935424805,0.11551696807146072,-4.656612873077393e-10,6.220943760126829e-10,-0.0010598376393318176,0.00044854116276837885,0.015381569974124432,6.8553449636965524e-06,-0.004098523408174515,0.1313284933567047,0.01545121893286705,0.06016102433204651,0.07334291934967041,0.3103228211402893,-0.0011905757710337639,0.19893674552440643,0.2232566475868225,-0.5542923808097839,1.2294105291366577,0.7429339289665222,-0.008252844214439392,0.03892643004655838,0.3305530548095703,-0.01631608046591282,0.05098188295960426,0.13247227668762207,-0.0021363701671361923,0.041823599487543106,0.4568718671798706,-0.017192240804433823,-0.11589866131544113,0.11992780864238739
,,0.07635600864887238,-0.06536883115768433,0.23026421666145325,1.3023642301559448,1.0720692873001099,0.10463379323482513,1.0477378964424133e-09,2.0718289306387305e-09,-0.000894300639629364,0.00043188597192056477,0.015270820818841457,6.5274693952233065e-06,-0.0047262501902878284,0.1323215216398239,0.012172449380159378,0.04743592441082001,0.0651780292391777,0.30459582805633545,-0.00039564259350299835,0.2001570463180542,0.2233087122440338,-0.5779018998146057,1.2259019613265991,0.7169530391693115,-0.009078147821128368,0.04299839958548546,0.3308815658092499,-0.017539359629154205,0.043467164039611816,0.13205741345882416,-0.003922116477042437,0.04592138156294823,0.45724260807037354,-0.018327655270695686,-0.12298639863729477,0.11969819664955139
,,0.07625552266836166,-0.06386600434780121,0.23078295588493347,1.2964870929718018,1.0684541463851929,0.09939869493246078,1.5133991837501526e-09,-2.2719177650287747e-09,-0.0007265768945217133,0.00041295459959656,0.015047750435769558,6.207036221894668e-06,-0.0058533744886517525,0.13347910344600677,0.007936611771583557,0.028981003910303116,0.05303770676255226,0.2968460023403168,0.022915568202733994,0.13742433488368988,0.22342947125434875,-0.7095460295677185,1.200771689414978,0.42740440368652344,-0.014467407949268818,-0.011127888225018978,0.3313480317592621,-0.021000860258936882,0.021873848512768745,-0.011931851506233215,-0.012041485868394375,-0.006783551536500454,0.4578051269054413,-0.022053934633731842,-0.1465853452682495,-0.022708792239427567
,,0.05680840462446213,-0.12999418377876282,0.23406288027763367,1.2532390356063843,1.0411620140075684,-0.07975339144468307,-0.010150723159313202,-0.0669778361916542,-0.00018275156617164612,0.0003346043231431395,0.013417189009487629,-0.14228187501430511,0.0005502061685547233,0.06774041801691055,0.0018762052059173584,-0.004652814008295536,0.029976211488246918,0.142147034406662,0.025680430233478546,0.1394118368625641,0.2233862578868866,-0.7670450806617737,1.1864243745803833,0.3666948676109314,-0.022490138188004494,-0.010728245601058006,0.3286857306957245,-0.009016191586852074,-0.01269584335386753,-0.009018242359161377,-0.02408570423722267,-0.009573277086019516,0.4551703929901123,-0.00895947590470314,-0.17723745107650757,-0.022934429347515106
,,0.051370564848184586,-0.13201361894607544,0.2319028526544571,1.2771729230880737,1.0143285989761353,-0.05835413187742233,-0.00954864639788866,-0.06721719354391098,-0.0032737888395786285,0.017808934673666954,-0.006419771816581488,-0.1406870186328888,3.6659133911598474e-05,0.06789202243089676,-0.000528775155544281,-0.0031070150434970856,-0.00035436346661299467,0.14057384431362152,0.022529378533363342,0.13741153478622437,0.22388041019439697,-0.7827886939048767,1.1517610549926758,0.34737569093704224,-0.021352611482143402,-0.00965249352157116,0.32876303791999817,-0.008261235430836678,-0.012492567300796509,-0.008019073866307735,-0.0229243952780962,-0.008594820275902748,0.4552488327026367,-0.008195287548005581,-0.17685113847255707,-0.022061802446842194
,,0.053585052490234375,-0.13067065179347992,0.23185281455516815,1.272574543952942,1.0154762268066406,-0.060373809188604355,-0.009271595627069473,-0.06733006238937378,-0.0032038837671279907,0.01914597861468792,-0.0031842568423599005,-0.13991354405879974,-0.0002045535366050899,0.06796512007713318,-0.0008835345506668091,-0.005474967882037163,-0.0006252366001717746,0.13985605537891388,0.024019578471779823,0.13768284022808075,0.2241658866405487,-0.7887802720069885,1.1497396230697632,0.33951535820961,-0.01905951090157032,-0.008167639374732971,0.3290347456932068,-0.005169381387531757,-0.011665023863315582,-0.006127007771283388,-0.020531048998236656,-0.007504686713218689,0.4555244445800781,-0.005066964775323868,-0.17565497756004333,-0.020683033391833305
,,0.055733270943164825,-0.12989868223667145,0.23165066540241241,1.2716622352600098,1.0172052383422852,-0.0593874529004097,-0.008734441362321377,-0.06753011047840118,-0.0030598044395446777,0.022930193692445755,0.0033705062232911587,-0.13848838210105896,-0.0006767417071387172,0.06808926910161972,-0.0012222453951835632,-0.00852802861481905,-0.0009728778386488557,0.13857415318489075,0.026954729110002518,0.1378176063299179,0.22495292127132416,-0.797551691532135,1.1455696821212769,0.3269950747489929,-0.01793322153389454,-0.0076794810593128204,0.3291887938976288,-0.003095474326983094,-0.011113799177110195,-0.0052372547797858715,-0.01816524751484394,-0.007213406264781952,0.455829918384552,-0.0006531132385134697,-0.17413903772830963,-0.01966414973139763
,,0.056756243109703064,-0.12966810166835785,0.23149171471595764,1.2720868587493896,1.0181951522827148,-0.058198295533657074,-0.008478181436657906,-0.06761852651834488,-0.0030056796967983246,0.025172816589474678,0.0065925391390919685,-0.13783110678195953,-0.001122959889471531,0.06818915903568268,-0.0012489259243011475,-0.009978795424103737,-0.0011333342408761382,0.13748838007450104,0.029755301773548126,0.13755887746810913,0.22584319114685059,-0.803522527217865,1.1413713693618774,0.317369282245636,-0.015778962522745132,-0.007069917395710945,0.329470694065094,0.0016233449568971992,-0.00987042672932148,-0.0035804747603833675,-0.01702827960252762,-0.007270799949765205,0.4559643566608429,0.001801892532967031,-0.17332854866981506,-0.01925654336810112
,,0.0586586520075798,-0.12943914532661438,0.23107081651687622,1.2740079164505005,1.0202929973602295,-0.05502846837043762,-0.007999280467629433,-0.06777387857437134,-0.0029590800404548645,0.02998005598783493,0.012740406207740307,-0.13662214577198029,-0.0013319759164005518,0.06823129951953888,-0.001194152981042862,-0.01027540024369955,-0.0011635025730356574,0.13701626658439636,0.031081920489668846,0.13732334971427917,0.22628194093704224,-0.8058473467826843,1.13930082321167,0.3132858872413635,-0.01476944237947464,-0.0069081783294677734,0.3295847773551941,0.004124741069972515,-0.009217238053679466,-0.0028184442780911922,-0.014900131151080132,-0.0076597947627305984,0.4561689496040344,0.006877369247376919,-0.17169690132141113,-0.018604520708322525
,,0.0595245398581028,-0.12941867113113403,0.23081737756729126,1.2753016948699951,1.0213624238967896,-0.053226541727781296,-0.007779907900840044,-0.06784124672412872,-0.0029700137674808502,0.032431405037641525,0.015609080903232098,-0.13607117533683777,-0.001529366709291935,0.06826876848936081,-0.0011124461889266968,-0.010351626202464104,-0.0011681037722155452,0.13658979535102844,0.0335502065718174,0.13669854402542114,0.22709612548351288,-0.8096854090690613,1.1352763175964355,0.30612173676490784,-0.012922669760882854,-0.00679832324385643,0.3297445774078369,0.009141054004430771,-0.007919425144791603,-0.0014419659273698926,-0.01392609067261219,-0.007953204214572906,0.4562353193759918,0.009398426860570908,-0.17090366780757904,-0.01835027150809765
,,0.0603257417678833,-0.1294500231742859,0.23054224252700806,1.2767118215560913,1.0224250555038452,-0.05137453228235245,-0.0075759561732411385,-0.06790194660425186,-0.003003191202878952,0.03485490754246712,0.018309781327843666,-0.13555747270584106,-0.0018833009526133537,0.06833064556121826,-0.0009070709347724915,-0.0099822161719203,-0.0011179115390405059,0.13586944341659546,0.034678954631090164,0.13632653653621674,0.22746068239212036,-0.8113402128219604,1.133341908454895,0.3029179871082306,-0.01209772378206253,-0.00682988204061985,0.3297901153564453,0.01157352700829506,-0.007295834831893444,-0.0008340021595358849,-0.013021796941757202,-0.00829312950372696,0.4562782645225525,0.011855259537696838,-0.17014041543006897,-0.018139692023396492
,,0.06171406805515289,-0.1296459436416626,0.22995123267173767,1.2796419858932495,1.0244859457015991,-0.04774001985788345,-0.007219748105853796,-0.06800369918346405,-0.003127969801425934,0.03947973996400833,0.02313111536204815,-0.13464955985546112,-0.002037091413512826,0.068355493247509,-0.0007979013025760651,-0.00958962645381689,-0.0010696924291551113,0.13557341694831848,0.03572984039783478,0.13592404127120972,0.2277931571006775,-0.8128877282142639,1.131470799446106,0.29990845918655396,-0.011345461010932922,-0.006908835843205452,0.3298148512840271,0.013911044225096703,-0.006700070574879646,-0.0002843093825504184,-0.012193432077765465,-0.008668284863233566,0.4562997817993164,0.014215685427188873,-0.16941583156585693,-0.017971336841583252
,,0.06229222193360329,-0.12980227172374725,0.22964820265769958,1.2810653448104858,1.0254669189453125,-0.046047259122133255,-0.0070699891075491905,-0.06804480403661728,-0.003213386982679367,0.041624363511800766,0.025219354778528214,-0.13425980508327484,-0.0021737145725637674,0.0683765783905983,-0.0006911531090736389,-0.009084997698664665,-0.0010093831224367023,0.13531926274299622,0.03669769689440727,0.1354965716600418,0.2280929684638977,-0.8143665194511414,1.1296701431274414,0.29706212878227234,-0.010077294893562794,-0.007187206298112869,0.3298134207725525,0.01819530501961708,-0.005616907496005297,0.0006269539589993656,-0.0107862688601017,-0.009489230811595917,0.45629048347473145,0.018540680408477783,-0.16811144351959229,-0.017757806926965714
,,0.06319654732942581,-0.1302179992198944,0.22906005382537842,1.2836413383483887,1.0272974967956543,-0.04309140518307686,-0.006832781247794628,-0.0681077092885971,-0.0034112147986888885,0.04546390101313591,0.028681639581918716,-0.13362178206443787,-0.002390991896390915,0.06840778887271881,-0.000497717410326004,-0.007797864265739918,-0.0008596608531661332,0.1349332481622696,0.03836577758193016,0.1345847249031067,0.22859704494476318,-0.817231297492981,1.1263066530227661,0.2917737662792206,-0.009151356294751167,-0.0076005831360816956,0.3297681510448456,0.021814603358507156,-0.004710551351308823,0.0012637185864150524,-0.00974360853433609,-0.010360663756728172,0.45623666048049927,0.022193197160959244,-0.16703863441944122,-0.017709573730826378
,,0.06351535767316818,-0.13047383725643158,0.22878791391849518,1.2847334146499634,1.0281370878219604,-0.04188745096325874,-0.006685334257781506,-0.0681445449590683,-0.0036168210208415985,0.048582106828689575,0.031110962852835655,-0.13319100439548492,-0.0025268015451729298,0.06842505931854248,-0.00034212321043014526,-0.006208897102624178,-0.0006797648966312408,0.13470768928527832,0.039648305624723434,0.1336207091808319,0.22898395359516144,-0.8201062083244324,1.1232985258102417,0.286933958530426,-0.008826024830341339,-0.00785105675458908,0.3297387659549713,0.02332986146211624,-0.004333381541073322,0.0014709209790453315,-0.009369704872369766,-0.010802818462252617,0.4562031626701355,0.02372206561267376,-0.16660091280937195,-0.017748666927218437
,,0.06386072933673859,-0.13109859824180603,0.22831854224205017,1.2861875295639038,1.0296695232391357,-0.040336523205041885,-0.006647514179348946,-0.06815304607152939,-0.003712233155965805,0.04983184486627579,0.031910404562950134,-0.13306058943271637,-0.002561885165050626,0.06842853128910065,-0.0002794191241264343,-0.005320075899362564,-0.0005807491252198815,0.13465505838394165,0.04013499245047569,0.13312646746635437,0.22913837432861328,-0.8215829133987427,1.1219402551651,0.2846624553203583,-0.008597067557275295,-0.008128183893859386,0.3297099173069,0.024628397077322006,-0.004011186305433512,0.0015995469875633717,-0.008936337195336819,-0.011681534349918365,0.4561423659324646,0.026109658181667328,-0.1659427136182785,-0.017957910895347595
,,0.06388557702302933,-0.13145217299461365,0.22813184559345245,1.2866394519805908,1.0303449630737305,-0.03992235288023949,-0.006634777411818504,-0.06815328449010849,-0.0038686543703079224,0.05167602375149727,0.032742951065301895,-0.13295605778694153,-0.002574382582679391,0.06842705607414246,-0.00018113479018211365,-0.0035003891680389643,-0.0003805304877460003,0.13465076684951782,0.040819261223077774,0.13216926157474518,0.22937963902950287,-0.8246256113052368,1.119531512260437,0.28044766187667847,-0.008397504687309265,-0.00871388241648674,0.32966509461402893,0.02655103988945484,-0.0035356739535927773,0.0016517003532499075,-0.008839060552418232,-0.012072928249835968,0.45611971616744995,0.026971718296408653,-0.1657148003578186,-0.018092041835188866
,,0.063822440803051,-0.13205984234809875,0.22785134613513947,1.2870655059814453,1.031514286994934,-0.03959183394908905,-0.006634778343141079,-0.06815200299024582,-0.0039254166185855865,0.05233125761151314,0.0330018550157547,-0.13292790949344635,-0.0025746505707502365,0.06842578947544098,-0.00014523416757583618,-0.002800355665385723,-0.0003040031297132373,0.1346571147441864,0.041092053055763245,0.1317899376153946,0.22947345674037933,-0.8261145353317261,1.1184709072113037,0.27859365940093994,-0.008341255597770214,-0.008940580300986767,0.3296491801738739,0.027234746143221855,-0.003366992110386491,0.0016559369396418333,-0.008699211291968822,-0.01263657957315445,0.45608699321746826,0.028213126584887505,-0.16538697481155396,-0.018284626305103302
,,0.06378594785928726,-0.1322844922542572,0.2277466356754303,1.2871184349060059,1.0320143699645996,-0.03956443443894386,-0.0066348179243505,-0.06815013289451599,-0.004006840288639069,0.05327495187520981,0.033374298363924026,-0.1328868418931961,-0.0025750838685780764,0.06842392683029175,-9.321048855781555e-05,-0.0017922701081261039,-0.00019417393195908517,0.13466666638851166,0.041551731526851654,0.13121169805526733,0.22962132096290588,-0.8289002776145935,1.1166186332702637,0.27537649869918823,-0.008260413073003292,-0.009267055429518223,0.32962629199028015,0.028219368308782578,-0.003124450333416462,0.0016625089338049293,-0.008649563416838646,-0.012836984358727932,0.4560753107070923,0.028654523193836212,-0.16527047753334045,-0.018352901563048363
,,0.06371186673641205,-0.13262172043323517,0.22758829593658447,1.2870374917984009,1.0328632593154907,-0.03966734558343887,-0.006634821183979511,-0.06814947724342346,-0.004035692662000656,0.05361053720116615,0.033506616950035095,-0.1328720599412918,-0.0025753318332135677,0.06842266023159027,-5.973130464553833e-05,-0.0011470773024484515,-0.00012411187344696373,0.13467292487621307,0.04191611707210541,0.13080674409866333,0.22972920536994934,-0.8313609957695007,1.1150933504104614,0.2727292478084564,-0.008208713494241238,-0.009476044215261936,0.3296116590499878,0.028849579393863678,-0.002969446126371622,0.0016669656615704298,-0.008578108623623848,-0.013125629164278507,0.45605844259262085,0.02929014526307583,-0.16510291397571564,-0.018451042473316193
,,0.06364243477582932,-0.13285209238529205,0.2274794578552246,1.286820411682129,1.0335365533828735,-0.03988207131624222,-0.00663482490926981,-0.06814846396446228,-0.00407714769244194,0.05409381166100502,0.033697064965963364,-0.1328507363796234,-0.0025754314847290516,0.06842224299907684,-4.779547452926636e-05,-0.000917665078304708,-9.924454207066447e-05,0.13467516005039215,0.04206874221563339,0.13065098226070404,0.22977189719676971,-0.8324599266052246,1.1144394874572754,0.2715907394886017,-0.00819035992026329,-0.009550330229103565,0.32960647344589233,0.029073668643832207,-0.002914374927058816,0.0016685707960277796,-0.008532450534403324,-0.013310340233147144,0.4560476541519165,0.029696950688958168,-0.1649956852197647,-0.01851375214755535
,,0.06361066550016403,-0.13293875753879547,0.22743834555149078,1.2866889238357544,1.0338176488876343,-0.0400070995092392,-0.006634839810431004,-0.06814810633659363,-0.004091881215572357,0.05426565185189247,0.03376474604010582,-0.13284307718276978,-0.0025755222886800766,0.0684218779206276,-3.820285201072693e-05,-0.0007341353339143097,-7.936671318020672e-05,0.1346770077943802,0.04220443218946457,0.13051924109458923,0.229808509349823,-0.8334721326828003,1.1138508319854736,0.27056199312210083,-0.008163917809724808,-0.009657330811023712,0.32959896326065063,0.029396360740065575,-0.002835111692547798,0.0016710255295038223,-0.008516190573573112,-0.013376029208302498,0.4560438096523285,0.029841594398021698,-0.16495758295059204,-0.01853599026799202
,,0.06358122080564499,-0.13301093876361847,0.22740405797958374,1.28655207157135,1.0340663194656372,-0.040135566145181656,-0.006634814664721489,-0.06814782321453094,-0.0041036829352378845,0.054403141140937805,0.03381888568401337,-0.13283692300319672,-0.0025756233371794224,0.06842135637998581,-2.4415552616119385e-05,-0.00046984656364656985,-5.0769420340657234e-05,0.1346796602010727,0.042432308197021484,0.13031232357025146,0.22986726462841034,-0.8352479934692383,1.1128466129302979,0.268796443939209,-0.008154543116688728,-0.009695366024971008,0.32959631085395813,0.0295111034065485,-0.0028069401159882545,0.0016718485858291388,-0.00850322563201189,-0.013428566977381706,0.45604074001312256,0.02995731495320797,-0.16492709517478943,-0.018553845584392548
,,0.06352914124727249,-0.1331215798854828,0.22735154628753662,1.2862788438796997,1.0344802141189575,-0.0403883159160614,-0.006634844467043877,-0.06814740598201752,-0.004120569676160812,0.05460111424326897,0.03389682620763779,-0.13282816112041473,-0.0025756608229130507,0.0684211477637291,-1.9494444131851196e-05,-0.0003758779203053564,-4.06082981498912e-05,0.13468053936958313,0.04252759367227554,0.13023105263710022,0.22989076375961304,-0.83601975440979,1.1124210357666016,0.2680427134037018,-0.008147032000124454,-0.009725820273160934,0.3295941948890686,0.029602892696857452,-0.002784407464787364,0.0016724875895306468,-0.008492842316627502,-0.013470621779561043,0.45603829622268677,0.030049888417124748,-0.1649027168750763,-0.018568145111203194
,,0.06350649148225784,-0.13316385447978973,0.2273314893245697,1.2861485481262207,1.0346516370773315,-0.04050759598612785,-0.006634840276092291,-0.06814725697040558,-0.004126615822315216,0.0546715147793293,0.03392453491687775,-0.13282503187656403,-0.0025756836403161287,0.06842099875211716,-1.553446054458618e-05,-0.000300700863590464,-3.248242865083739e-05,0.13468126952648163,0.04261225461959839,0.13016146421432495,0.22991111874580383,-0.8367204666137695,1.1120398044586182,0.26736465096473694,-0.008136190474033356,-0.009769633412361145,0.32959112524986267,0.029735077172517776,-0.002751966705545783,0.0016735695535317063,-0.008477865718305111,-0.013531142845749855,0.45603471994400024,0.03018319420516491,-0.1648675501346588,-0.018588580191135406
,,0.06348598003387451,-0.13319939374923706,0.22731463611125946,1.286025047302246,1.0348025560379028,-0.040620267391204834,-0.006634821649640799,-0.06814701855182648,-0.0041352733969688416,0.05477288365364075,0.033964432775974274,-0.13282042741775513,-0.0025757180992513895,0.06842081248760223,-9.898096323013306e-06,-0.0001924472308019176,-2.0785504602827132e-05,0.13468244671821594,0.04275429993867874,0.13005027174949646,0.22994396090507507,-0.8379285931587219,1.1113944053649902,0.2662079632282257,-0.008132346905767918,-0.009785206988453865,0.3295900225639343,0.029782075434923172,-0.0027404341381043196,0.001673914142884314,-0.008472551591694355,-0.013552656397223473,0.4560334384441376,0.030230596661567688,-0.16485510766506195,-0.018595881760120392
,,0.06345070898532867,-0.13325470685958862,0.22728854417800903,1.2858011722564697,1.0350528955459595,-0.04082354158163071,-0.006634844932705164,-0.0681469514966011,-0.0041383132338523865,0.05480891838669777,0.03397861495614052,-0.13281883299350739,-0.0025757523253560066,0.06842073053121567,-7.871538400650024e-06,-0.00015395908849313855,-1.662743670749478e-05,0.1346828192472458,0.042866382747888565,0.12996730208396912,0.2299688458442688,-0.8389122486114502,1.11087965965271,0.2652765214443207,-0.008126827888190746,-0.009807665832340717,0.32958847284317017,0.02984975278377533,-0.002723829122260213,0.0016743498854339123,-0.008464915677905083,-0.013583670370280743,0.4560316503047943,0.03029884211719036,-0.16483710706233978,-0.018606465309858322
,,0.06343573331832886,-0.13327613472938538,0.2272784411907196,1.2857015132904053,1.0351558923721313,-0.04091356322169304,-0.006634831428527832,-0.06814685463905334,-0.004142772406339645,0.054860834032297134,0.033999036997556686,-0.13281655311584473,-0.002575755352154374,0.06842058897018433,-4.973262548446655e-06,-9.853194205788895e-05,-1.0642101187841035e-05,0.13468332588672638,0.04291324317455292,0.1299339234828949,0.22997896373271942,-0.8393315076828003,1.1106630563735962,0.2648821175098419,-0.00812484510242939,-0.009815645404160023,0.3295879065990448,0.029873816296458244,-0.0027179254684597254,0.001674556639045477,-0.008462181314826012,-0.013594689778983593,0.4560309946537018,0.03032311238348484,-0.16483072936534882,-0.01861017383635044
,,0.06341032683849335,-0.13330985605716705,0.22726264595985413,1.2855266332626343,1.0353264808654785,-0.041071079671382904,-0.006634844001382589,-0.06814683228731155,-0.004144363105297089,0.054879285395145416,0.03400630131363869,-0.1328156739473343,-0.0025757837574929,0.06842055916786194,-3.941357135772705e-06,-7.882538193371147e-05,-8.51385084388312e-06,0.13468360900878906,0.04295482859015465,0.12990492582321167,0.2299877405166626,-0.8397080302238464,1.110469937324524,0.26452910900115967,-0.008123286068439484,-0.009822038002312183,0.329587459564209,0.029893068596720695,-0.0027132024988532066,0.0016747558256611228,-0.008458255790174007,-0.013610552065074444,0.45603007078170776,0.03035805933177471,-0.1648215502500534,-0.01861552521586418
,,0.06339964270591736,-0.13332302868366241,0.22725650668144226,1.2854506969451904,1.0353968143463135,-0.04113932326436043,-0.006634823977947235,-0.06814678758382797,-0.0041455961763858795,0.05489404872059822,0.03401211276650429,-0.13281503319740295,-0.002575780963525176,0.06842051446437836,-2.4810433387756348e-06,-5.044973659096286e-05,-5.449627224152209e-06,0.13468381762504578,0.04302462935447693,0.12985758483409882,0.23000216484069824,-0.8403489589691162,1.1101446151733398,0.2639304995536804,-0.008121008053421974,-0.009831216186285019,0.32958680391311646,0.0299207866191864,-0.002706402214244008,0.001674927189014852,-0.008456874638795853,-0.013616198673844337,0.4560297131538391,0.030370479449629784,-0.16481825709342957,-0.01861744560301304
,,0.06338164210319519,-0.13334397971630096,0.22724677622318268,1.2853196859359741,1.0355128049850464,-0.0412566103041172,-0.006634839810431004,-0.06814675778150558,-0.00414743646979332,0.05491529777646065,0.034020476043224335,-0.13281409442424774,-0.002575787017121911,0.06842047721147537,-1.944601535797119e-06,-4.0359460399486125e-05,-4.359767444839235e-06,0.13468395173549652,0.04305380582809448,0.1298382431268692,0.230008065700531,-0.8406204581260681,1.1100080013275146,0.2636778652667999,-0.008120203390717506,-0.009834500029683113,0.32958656549453735,0.02993064373731613,-0.0027039842680096626,0.0016750035574659705,-0.008454876020550728,-0.013624326325953007,0.4560292363166809,0.030388368293642998,-0.1648135632276535,-0.018620185554027557
,,0.0633741095662117,-0.13335227966308594,0.22724296152591705,1.2852638959884644,1.0355604887008667,-0.04130658507347107,-0.006634843070060015,-0.0681467354297638,-0.004148103296756744,0.054922860115766525,0.03402344882488251,-0.1328137367963791,-0.0025757774710655212,0.06842045485973358,-1.1771917343139648e-06,-2.583287096058484e-05,-2.7901048724743305e-06,0.13468410074710846,0.04310276359319687,0.12980659306049347,0.2300177961587906,-0.8410805463790894,1.1097782850265503,0.26325052976608276,-0.008119026198983192,-0.009839189238846302,0.3295862376689911,0.029944831505417824,-0.0027005020529031754,0.0016751134535297751,-0.008453570306301117,-0.013629531487822533,0.45602893829345703,0.03039982169866562,-0.16481056809425354,-0.018621912226080894
,,0.06336149573326111,-0.13336551189422607,0.22723688185214996,1.2851686477661133,1.0356394052505493,-0.041391532868146896,-0.006634824443608522,-0.06814669072628021,-0.004149366170167923,0.054937608540058136,0.03402925655245781,-0.13281305134296417,-0.0025757865514606237,0.06842043250799179,-6.92903995513916e-07,-1.6532905647181906e-05,-1.7866586858872324e-06,0.13468420505523682,0.04315749183297157,0.1297720968723297,0.23002846539020538,-0.8416028618812561,1.1095199584960938,0.2627670168876648,-0.008118029683828354,-0.009843271225690842,0.3295859694480896,0.029957151040434837,-0.0026974815409630537,0.0016752829542383552,-0.008452759124338627,-0.013632852584123611,0.4560287594795227,0.03040715493261814,-0.16480860114097595,-0.01862301118671894
,,0.0633474811911583,-0.1333792805671692,0.22723063826560974,1.2850604057312012,1.035725474357605,-0.04148804768919945,-0.006634832359850407,-0.06814667582511902,-0.004149794578552246,0.05494319275021553,0.034031447023153305,-0.13281281292438507,-0.0025757940020412207,0.0684204250574112,-3.6135315895080566e-07,-1.0577802640909795e-05,-1.1442762115621008e-06,0.1346842497587204,0.043171823024749756,0.12976320087909698,0.23003120720386505,-0.841741144657135,1.1094520092010498,0.2626393139362335,-0.008117817342281342,-0.009844127111136913,0.3295859098434448,0.02995973452925682,-0.002696847775951028,0.0016752382507547736,-0.008452231995761395,-0.01363497693091631,0.45602861046791077,0.030411845073103905,-0.16480736434459686,-0.018623769283294678
,,0.06334386765956879,-0.13338270783424377,0.22722911834716797,1.285031795501709,1.0357474088668823,-0.04151342064142227,-0.006634829565882683,-0.06814666837453842,-0.004149969667196274,0.054945170879364014,0.034032225608825684,-0.1328127235174179,-0.0025757956318557262,0.06842043250799179,-2.4586915969848633e-07,-8.462344339932315e-06,-9.160571607935708e-07,0.13468427956104279,0.04319588840007782,0.12974849343299866,0.23003575205802917,-0.8419744372367859,1.1093379259109497,0.26242396235466003,-0.008117515593767166,-0.009845364838838577,0.32958582043647766,0.029963454231619835,-0.0026959350798279047,0.0016752270748838782,-0.008452048525214195,-0.01363573968410492,0.4560285806655884,0.030413508415222168,-0.16480693221092224,-0.018624091520905495
,,0.06334064900875092,-0.13338567316532135,0.22722779214382172,1.2850065231323242,1.0357667207717896,-0.04153604060411453,-0.00663483701646328,-0.06814666837453842,-0.004150114953517914,0.05494676157832146,0.034032851457595825,-0.1328127086162567,-0.0025758054107427597,0.06842043250799179,-1.2665987014770508e-07,-5.4165943765838165e-06,-5.868486709914578e-07,0.13468429446220398,0.043205928057432175,0.12974242866039276,0.2300376147031784,-0.8420724272727966,1.109290361404419,0.26233360171318054,-0.008117415010929108,-0.009845796972513199,0.3295857906341553,0.029964778572320938,-0.002695610513910651,0.0016752717783674598,-0.008451906032860279,-0.013636341318488121,0.4560285210609436,0.030414843931794167,-0.16480658948421478,-0.018624261021614075
,,0.06333530694246292,-0.13339047133922577,0.2272256314754486,1.2849640846252441,1.0357989072799683,-0.041573721915483475,-0.0066348412074148655,-0.06814666092395782,-0.004150401800870895,0.054949842393398285,0.03403406962752342,-0.13281255960464478,-0.002575803082436323,0.0684204027056694,-3.725290298461914e-09,-3.4697804949246347e-06,-3.760083302495332e-07,0.13468432426452637,0.04322280362248421,0.12973226606845856,0.23004071414470673,-0.8422377109527588,1.1092101335525513,0.2621813416481018,-0.00811694748699665,-0.00984642468392849,0.3295857310295105,0.029967354610562325,-0.0026949774473905563,0.0016755698015913367,-0.008451612666249275,-0.013637522235512733,0.45602846145629883,0.030417444184422493,-0.16480588912963867,-0.018624605610966682
,,0.06333113461732864,-0.13339410722255707,0.22722405195236206,1.2849304676055908,1.0358234643936157,-0.04160350188612938,-0.00663483701646328,-0.06814664602279663,-0.00415048748254776,0.0549510158598423,0.03403452783823013,-0.13281245529651642,-0.002575807273387909,0.0684204250574112,1.1548399925231934e-07,-2.223091541964095e-06,-2.412428727893712e-07,0.13468438386917114,0.043241724371910095,0.1297210454940796,0.23004421591758728,-0.8424238562583923,1.10912024974823,0.26200979948043823,-0.008117122575640678,-0.00984697975218296,0.3295857310295105,0.02996833249926567,-0.0026947378646582365,0.001675281091593206,-0.00845150277018547,-0.013637972995638847,0.45602846145629883,0.030418427661061287,-0.16480565071105957,-0.01862483099102974
,,0.06332655996084213,-0.13339799642562866,0.22722235321998596,1.284893274307251,1.0358505249023438,-0.04163661226630211,-0.006634838879108429,-0.06814665347337723,-0.004150513559579849,0.05495202913880348,0.03403493016958237,-0.13281242549419403,-0.0025758042465895414,0.06842041015625,1.7508864402770996e-07,-1.1357026323821628e-06,-1.2437143936949724e-07,0.13468438386917114,0.04325108230113983,0.12971554696559906,0.23004594445228577,-0.8425164222717285,1.1090754270553589,0.2619246542453766,-0.00811706855893135,-0.00984718557447195,0.3295857310295105,0.029968958348035812,-0.0026945844292640686,0.001675314619205892,-0.00845143012702465,-0.013638257049024105,0.45602846145629883,0.030419060960412025,-0.16480547189712524,-0.01862489804625511
,,0.06332434713840485,-0.1333998441696167,0.2272215634584427,1.2848751544952393,1.0358633995056152,-0.04165273532271385,-0.006634840276092291,-0.06814665347337723,-0.004150543361902237,0.054952241480350494,0.03403501585125923,-0.13281242549419403,-0.002575805177912116,0.0684204176068306,2.0116567611694336e-07,-9.092908612728934e-07,-9.93355513401184e-08,0.13468436896800995,0.043258458375930786,0.12971119582653046,0.2300473004579544,-0.8425899744033813,1.1090402603149414,0.26185715198516846,-0.008117036893963814,-0.00984731875360012,0.3295857310295105,0.029969358816742897,-0.0026944861747324467,0.0016753853997215629,-0.008451384492218494,-0.013638440519571304,0.45602846145629883,0.03041946329176426,-0.16480538249015808,-0.018624890595674515
,,0.06332345306873322,-0.1334005892276764,0.22722125053405762,1.284867525100708,1.035868763923645,-0.04165931046009064,-0.006634839810431004,-0.06814664602279663,-0.00415053591132164,0.054952554404735565,0.034035131335258484,-0.13281239569187164,-0.002575808437541127,0.0684204176068306,2.0489096641540527e-07,-5.795418474008329e-07,-6.459307400064063e-08,0.13468438386917114,0.04326155409216881,0.1297094076871872,0.23004786670207977,-0.8426206111907959,1.109025478363037,0.2618288993835449,-0.008117026649415493,-0.009847357869148254,0.3295857310295105,0.029969504103064537,-0.002694451715797186,0.0016753313830122352,-0.008451370522379875,-0.01363849826157093,0.45602846145629883,0.0304196085780859,-0.1648053377866745,-0.01862497068941593
,,0.06332191824913025,-0.13340182602405548,0.22722069919109344,1.2848551273345947,1.0358777046203613,-0.04167039319872856,-0.006634835619479418,-0.06814664602279663,-0.004150569438934326,0.05495266616344452,0.03403517231345177,-0.13281233608722687,-0.0025758007541298866,0.0684204027056694,2.421438694000244e-07,-3.687897276449803e-07,-4.3227291968150894e-08,0.13468432426452637,0.04326675832271576,0.12970635294914246,0.2300487905740738,-0.8426723480224609,1.1090006828308105,0.261781245470047,-0.008117007091641426,-0.009847434237599373,0.3295857310295105,0.029969707131385803,-0.0026944021228700876,0.0016752737574279308,-0.008451344445347786,-0.013638600707054138,0.45602846145629883,0.030419817194342613,-0.16480529308319092,-0.018625065684318542
,,0.06332072615623474,-0.13340279459953308,0.2272203117609024,1.284845232963562,1.0358844995498657,-0.04167918115854263,-0.006634839344769716,-0.06814664602279663,-0.004150565713644028,0.054952822625637054,0.03403523191809654,-0.13281241059303284,-0.0025758040137588978,0.06842038780450821,2.421438694000244e-07,-2.977090218792e-07,-3.4821557193254193e-08,0.13468435406684875,0.04326893389225006,0.12970507144927979,0.23004919290542603,-0.842694103717804,1.1089903116226196,0.26176130771636963,-0.008116996847093105,-0.009847482666373253,0.3295857310295105,0.02996983379125595,-0.002694370225071907,0.001675331499427557,-0.008451329544186592,-0.013638664036989212,0.45602846145629883,0.03041994199156761,-0.16480526328086853,-0.01862502656877041
,,0.06332024186849594,-0.13340318202972412,0.22722011804580688,1.2848412990570068,1.035887360572815,-0.041682690382003784,-0.0066348351538181305,-0.06814664602279663,-0.004150565713644028,0.054952919483184814,0.034035272896289825,-0.13281236588954926,-0.002575805177912116,0.0684203952550888,2.421438694000244e-07,-1.94010567611258e-07,-2.2814820255234736e-08,0.13468439877033234,0.043272584676742554,0.12970297038555145,0.23004984855651855,-0.8427305817604065,1.1089727878570557,0.26172786951065063,-0.008116991259157658,-0.009847501292824745,0.3295857310295105,0.029969878494739532,-0.002694358816370368,0.0016753519885241985,-0.008451316505670547,-0.013638700358569622,0.45602846145629883,0.030420025810599327,-0.16480523347854614,-0.01862504705786705
,,0.06331906467676163,-0.13340407609939575,0.22721977531909943,1.2848316431045532,1.0358940362930298,-0.04169118404388428,-0.006634842604398727,-0.06814664602279663,-0.004150569438934326,0.05495297908782959,0.034035298973321915,-0.13281244039535522,-0.0025758042465895414,0.0684204027056694,2.3469328880310059e-07,-1.001625662411243e-07,-1.3504373619355192e-08,0.13468433916568756,0.043276675045490265,0.12970063090324402,0.23005057871341705,-0.8427713513374329,1.1089532375335693,0.2616901993751526,-0.008116986602544785,-0.009847528301179409,0.3295857310295105,0.029969988390803337,-0.002694332506507635,0.0016752997180446982,-0.008451315574347973,-0.01363873016089201,0.45602846145629883,0.030420100316405296,-0.16480521857738495,-0.018625078722834587
,,0.06331852078437805,-0.13340449333190918,0.2272195667028427,1.2848271131515503,1.0358972549438477,-0.04169526323676109,-0.006634841673076153,-0.06814665347337723,-0.004150569438934326,0.05495302006602287,0.03403531387448311,-0.13281241059303284,-0.0025758049450814724,0.06842041015625,2.3469328880310059e-07,-8.096717607486426e-08,-1.1332021543353221e-08,0.13468433916568756,0.04327869415283203,0.1296994686126709,0.2300509214401245,-0.8427916765213013,1.1089437007904053,0.2616715431213379,-0.008116984739899635,-0.009847528301179409,0.3295857310295105,0.02997000329196453,-0.0026943287812173367,0.0016753071686252952,-0.008451312780380249,-0.013638732023537159,0.45602846145629883,0.03042011335492134,-0.16480520367622375,-0.01862507499754429
,,0.06331828236579895,-0.1334046721458435,0.22721949219703674,1.2848252058029175,1.0358985662460327,-0.041696928441524506,-0.006634840741753578,-0.06814665347337723,-0.004150569438934326,0.05495303496718407,0.03403531759977341,-0.13281239569187164,-0.0025758056435734034,0.06842041015625,2.3469328880310059e-07,-5.4050325104526564e-08,-8.014712449266881e-09,0.13468435406684875,0.04327951371669769,0.1296989768743515,0.23005110025405884,-0.8428000807762146,1.1089396476745605,0.2616638243198395,-0.008116984739899635,-0.009847535751760006,0.3295857310295105,0.029970014467835426,-0.002694325754418969,0.0016753127565607429,-0.008451311849057674,-0.013638739474117756,0.45602846145629883,0.030420126393437386,-0.16480520367622375,-0.01862507127225399
,,0.06331789493560791,-0.13340497016906738,0.2272193729877472,1.2848219871520996,1.0359007120132446,-0.04169971123337746,-0.006634840276092291,-0.06814664602279663,-0.004150595515966415,0.05495304986834526,0.0340353287756443,-0.13281239569187164,-0.002575806574895978,0.06842041015625,2.644956111907959e-07,-4.632884298416684e-08,-6.8697523225580426e-09,0.13468435406684875,0.043280258774757385,0.12969854474067688,0.230051189661026,-0.8428074717521667,1.1089361906051636,0.26165691018104553,-0.00811698380857706,-0.009847535751760006,0.3295857310295105,0.029970021918416023,-0.0026943234261125326,0.0016753164818510413,-0.00845130905508995,-0.013638746924698353,0.45602846145629883,0.03042014129459858,-0.16480518877506256,-0.01862506940960884
,,0.06331775337457657,-0.13340507447719574,0.22721929848194122,1.2848206758499146,1.035901665687561,-0.04170083999633789,-0.006634839344769716,-0.06814665347337723,-0.004150595515966415,0.05495305731892586,0.0340353287756443,-0.13281238079071045,-0.002575805876404047,0.06842041015625,2.644956111907959e-07,-3.8643474198352123e-08,-5.954808646180254e-09,0.13468436896800995,0.043281517922878265,0.12969781458377838,0.2300514131784439,-0.8428202271461487,1.1089301109313965,0.2616453468799591,-0.008116981945931911,-0.009847546927630901,0.3295857310295105,0.029970034956932068,-0.002694319933652878,0.0016753239324316382,-0.00845130905508995,-0.01363875437527895,0.45602846145629883,0.030420146882534027,-0.16480518877506256,-0.018625065684318542
,,0.06331762671470642,-0.1334051936864853,0.22721926867961884,1.2848196029663086,1.0359023809432983,-0.04170182719826698,-0.006634839810431004,-0.06814665347337723,-0.004150595515966415,0.05495306849479675,0.0340353325009346,-0.13281238079071045,-0.0025758068077266216,0.06842041015625,2.644956111907959e-07,-2.897357909148468e-08,-4.408602816141638e-09,0.13468436896800995,0.04328203946352005,0.1296975165605545,0.23005150258541107,-0.8428254723548889,1.1089277267456055,0.2616404592990875,-0.008116981014609337,-0.009847546927630901,0.3295857310295105,0.029970038682222366,-0.0026943187694996595,0.0016753257950767875,-0.008451308123767376,-0.01363875437527895,0.45602846145629883,0.030420152470469475,-0.16480517387390137,-0.018625063821673393
,,0.06331750750541687,-0.13340529799461365,0.22721923887729645,1.2848185300827026,1.035902976989746,-0.04170270636677742,-0.006634839810431004,-0.06814665347337723,-0.004150595515966415,0.05495307222008705,0.0340353362262249,-0.13281238079071045,-0.0025758070405572653,0.06842041015625,2.644956111907959e-07,-2.514894248406563e-08,-4.066138981073664e-09,0.13468436896800995,0.04328249767422676,0.12969723343849182,0.23005159199237823,-0.842830240726471,1.108925461769104,0.2616361379623413,-0.008116981014609337,-0.009847546927630901,0.3295857310295105,0.029970042407512665,-0.002694317838177085,0.0016753276577219367,-0.008451308123767376,-0.01363875437527895,0.45602846145629883,0.030420156195759773,-0.16480517387390137,-0.018625063821673393
,,0.06331732869148254,-0.13340544700622559,0.22721917927265167,1.2848169803619385,1.035904049873352,-0.04170425236225128,-0.006634838879108429,-0.06814665347337723,-0.004150595515966415,0.05495307222008705,0.0340353362262249,-0.13281238079071045,-0.0025758070405572653,0.06842041015625,2.644956111907959e-07,-2.1252105852909153e-08,-3.2636440217004292e-09,0.13468436896800995,0.04328329861164093,0.129696786403656,0.23005172610282898,-0.8428379893302917,1.1089216470718384,0.2616288959980011,-0.008116981014609337,-0.009847545996308327,0.3295857310295105,0.029970046132802963,-0.0026943166740238667,0.0016753313830122352,-0.008451307192444801,-0.013638755306601524,0.45602846145629883,0.03042015992105007,-0.16480517387390137,-0.018625060096383095
,,0.06331723928451538,-0.13340550661087036,0.2272191345691681,1.2848162651062012,1.0359046459197998,-0.041704777628183365,-0.006634838879108429,-0.06814665347337723,-0.004150595515966415,0.05495307967066765,0.0340353362262249,-0.13281238079071045,-0.0025758061092346907,0.06842041015625,2.644956111907959e-07,-1.9339788437378047e-08,-3.0924116600772322e-09,0.13468436896800995,0.04328363388776779,0.12969659268856049,0.23005180060863495,-0.8428414463996887,1.1089200973510742,0.26162588596343994,-0.008116980083286762,-0.009847545996308327,0.3295857310295105,0.02997004985809326,-0.002694315742701292,0.0016753313830122352,-0.008451306261122227,-0.013638755306601524,0.45602846145629883,0.03042016364634037,-0.16480517387390137,-0.018625060096383095
,,0.06331712752580643,-0.13340559601783752,0.2272191047668457,1.2848151922225952,1.0359052419662476,-0.04170580580830574,-0.006634838879108429,-0.06814665347337723,-0.004150595515966415,0.05495307967066765,0.0340353362262249,-0.13281238079071045,-0.0025758061092346907,0.06842041015625,2.644956111907959e-07,-1.5515148277245316e-08,-2.749947825009258e-09,0.13468436896800995,0.043284181505441666,0.12969626486301422,0.2300519049167633,-0.8428469896316528,1.1089173555374146,0.2616207003593445,-0.008116979151964188,-0.009847545996308327,0.3295857310295105,0.02997005172073841,-0.0026943152770400047,0.0016753313830122352,-0.008451305329799652,-0.013638755306601524,0.45602846145629883,0.03042016364634037,-0.16480517387390137,-0.018625061959028244
,,0.06331700831651688,-0.1334056854248047,0.22721907496452332,1.2848142385482788,1.0359059572219849,-0.0417066253721714,-0.006634837947785854,-0.06814665347337723,-0.004150595515966415,0.05495307967066765,0.0340353399515152,-0.13281238079071045,-0.0025758070405572653,0.06842041015625,2.644956111907959e-07,-1.5442950029864733e-08,-2.2899171447932076e-09,0.13468436896800995,0.043284639716148376,0.12969601154327393,0.23005199432373047,-0.842851459980011,1.1089152097702026,0.2616164982318878,-0.008116980083286762,-0.009847545996308327,0.3295857310295105,0.02997005172073841,-0.002694315044209361,0.0016753313830122352,-0.008451306261122227,-0.013638755306601524,0.45602846145629883,0.03042016364634037,-0.16480517387390137,-0.018625061959028244
,,0.0633169561624527,-0.13340573012828827,0.22721904516220093,1.284813642501831,1.035906195640564,-0.041707154363393784,-0.006634838879108429,-0.06814665347337723,-0.004150595515966415,0.05495307967066765,0.0340353399515152,-0.13281238079071045,-0.0025758070405572653,0.06842041015625,2.644956111907959e-07,-1.540685090617444e-08,-2.0599020267297874e-09,0.13468436896800995,0.04328513145446777,0.12969574332237244,0.23005205392837524,-0.8428564071655273,1.1089129447937012,0.26161205768585205,-0.008116979151964188,-0.009847545996308327,0.3295857310295105,0.02997005172073841,-0.0026943148113787174,0.0016753313830122352,-0.008451305329799652,-0.013638755306601524,0.45602846145629883,0.03042016364634037,-0.16480517387390137,-0.018625061959028244
,,0.06331683695316315,-0.13340583443641663,0.22721898555755615,1.2848128080368042,1.0359070301055908,-0.04170801118016243,-0.006634838879108429,-0.06814665347337723,-0.004150595515966415,0.05495307967066765,0.0340353399515152,-0.13281238079071045,-0.0025758061092346907,0.06842041015625,2.644956111907959e-07,-1.540685090617444e-08,-2.0599020267297874e-09,0.13468436896800995,0.04328537732362747,0.1296956092119217,0.23005211353302002,-0.8428587317466736,1.1089117527008057,0.2616099417209625,-0.008116979151964188,-0.009847545996308327,0.3295857310295105,0.02997005172073841,-0.0026943148113787174,0.0016753313830122352,-0.008451305329799652,-0.013638755306601524,0.45602846145629883,0.03042016364634037,-0.16480517387390137,-0.018625061959028244
,,0.06331680715084076,-0.13340584933757782,0.22721898555755615,1.2848126888275146,1.0359070301055908,-0.04170819744467735,-0.006634838879108429,-0.06814665347337723,-0.004150595515966415,0.05495307967066765,0.0340353399515152,-0.13281238079071045,-0.0025758061092346907,0.06842041015625,2.644956111907959e-07,-1.540685090617444e-08,-2.0599020267297874e-09,0.13468436896800995,0.043285567313432693,0.12969550490379333,0.2300521284341812,-0.842860758304596,1.1089109182357788,0.2616080045700073,-0.008116979151964188,-0.009847545996308327,0.3295857310295105,0.02997005172073841,-0.0026943148113787174,0.0016753313830122352,-0.008451305329799652,-0.013638755306601524,0.45602846145629883,0.03042016364634037,-0.16480517387390137,-0.018625061959028244
,,0.06331678479909897,-0.133405864238739,0.22721901535987854,1.2848124504089355,1.0359071493148804,-0.04170834645628929,-0.006634838879108429,-0.06814665347337723,-0.004150595515966415,0.05495307967066765,0.0340353399515152,-0.13281238079071045,-0.0025758061092346907,0.06842041015625,2.644956111907959e-07,-1.540685090617444e-08,-2.0599020267297874e-09,0.13468436896800995,0.04328565299510956,0.12969544529914856,0.2300521433353424,-0.8428615927696228,1.1089104413986206,0.2616073191165924,-0.008116979151964188,-0.009847545996308327,0.3295857310295105,0.02997005172073841,-0.0026943148113787174,0.0016753313830122352,-0.008451305329799652,-0.013638755306601524,0.45602846145629883,0.03042016364634037,-0.16480517387390137,-0.018625061959028244
,,0.06331677734851837,-0.1334058940410614,0.22721901535987854,1.2848122119903564,1.03590726852417,-0.04170859232544899,-0.006634838879108429,-0.06814665347337723,-0.004150595515966415,0.05495307967066765,0.0340353399515152,-0.13281238079071045,-0.0025758061092346907,0.06842041015625,2.644956111907959e-07,-1.540685090617444e-08,-2.0599020267297874e-09,0.13468436896800995,0.04328572005033493,0.12969540059566498,0.2300521582365036,-0.8428623080253601,1.108910083770752,0.2616066038608551,-0.008116979151964188,-0.009847545996308327,0.3295857310295105,0.02997005172073841,-0.0026943148113787174,0.0016753313830122352,-0.008451305329799652,-0.013638755306601524,0.45602846145629883,0.03042016364634037,-0.16480517387390137,-0.018625061959028244
,,0.06331676989793777,-0.1334058940410614,0.22721897065639496,1.2848122119903564,1.03590726852417,-0.04170861840248108,-0.006634838879108429,-0.06814665347337723,-0.004150595515966415,0.05495307967066765,0.0340353399515152,-0.13281238079071045,-0.0025758061092346907,0.06842041015625,2.644956111907959e-07,-1.540685090617444e-08,-2.0599020267297874e-09,0.13468436896800995,0.04328584298491478,0.1296953409910202,0.2300521731376648,-0.8428634405136108,1.1089094877243042,0.261605441570282,-0.008116979151964188,-0.009847545996308327,0.3295857310295105,0.02997005172073841,-0.0026943148113787174,0.0016753313830122352,-0.008451305329799652,-0.013638755306601524,0.45602846145629883,0.03042016364634037,-0.16480517387390137,-0.018625061959028244
,,0.06331676989793777,-0.1334058940410614,0.22721897065639496,1.284812092781067,1.03590726852417,-0.04170870780944824,-0.006634838879108429,-0.06814665347337723,-0.004150595515966415,0.05495307967066765,0.0340353399515152,-0.13281238079071045,-0.0025758061092346907,0.06842041015625,2.644956111907959e-07,-1.540685090617444e-08,-2.0599020267297874e-09,0.13468436896800995,0.04328589141368866,0.12969531118869781,0.23005221784114838,-0.8428639769554138,1.108909249305725,0.2616049349308014,-0.008116979151964188,-0.009847545996308327,0.3295857310295105,0.02997005172073841,-0.0026943148113787174,0.0016753313830122352,-0.008451305329799652,-0.013638755306601524,0.45602846145629883,0.03042016364634037,-0.16480517387390137,-0.018625061959028244
,,0.06331676244735718,-0.1334059238433838,0.22721897065639496,1.2848119735717773,1.0359073877334595,-0.04170887917280197,-0.006634838879108429,-0.06814665347337723,-0.004150595515966415,0.05495307967066765,0.0340353399515152,-0.13281238079071045,-0.0025758061092346907,0.06842041015625,2.644956111907959e-07,-1.540685090617444e-08,-2.0599020267297874e-09,0.13468436896800995,0.043285999447107315,0.12969523668289185,0.23005221784114838,-0.8428651690483093,1.108908772468567,0.2616039514541626,-0.008116979151964188,-0.009847545996308327,0.3295857310295105,0.02997005172073841,-0.0026943148113787174,0.0016753313830122352,-0.008451305329799652,-0.013638755306601524,0.45602846145629883,0.03042016364634037,-0.16480517387390137,-0.018625061959028244
,,0.06331674009561539,-0.1334059238433838,0.22721897065639496,1.2848118543624878,1.0359073877334595,-0.04170894995331764,-0.006634838879108429,-0.06814665347337723,-0.004150595515966415,0.05495307967066765,0.0340353399515152,-0.13281238079071045,-0.0025758061092346907,0.06842041015625,2.644956111907959e-07,-1.540685090617444e-08,-2.0599020267297874e-09,0.13468436896800995,0.043286025524139404,0.12969522178173065,0.23005223274230957,-0.8428654670715332,1.1089085340499878,0.2616036832332611,-0.008116979151964188,-0.009847545996308327,0.3295857310295105,0.02997005172073841,-0.0026943148113787174,0.0016753313830122352,-0.008451305329799652,-0.013638755306601524,0.45602846145629883,0.03042016364634037,-0.16480517387390137,-0.018625061959028244
